9776
220471
829401
583652
563799
46248
95443
338887
614674
49922
308686
367650
909971
74898
86574
763162
989397
251059
434417
824316
535222
26210
315827
665190
904569
566360
-78753
340825
71736
116772
671781
965542
741789
675706
317276
901634
736930
-12345
33666
-46276
2345
424720
351734
826486
93852
-73119
117930
633528
855749
637995
558464
703917
951997
678137
98002
512253
519363
10766
107050
489014
284862
750
87461
-44250
540084
36532
518023
248680
438896
18494
523798
533875
715711
918977
111649
425471
804516
-86125
-42610
540571
633166
818484
742731
504466
586563
-41827
442012
-84933
526784
-28779
445366
46398
769541
505578
772615
-16839
256366
223431
735655
575598
240200
7051
735755
559051
618966
578549
811353
771711
481683
42899
400046
942378
31197
127472
217031
813724
75026
609476
-33046
602908
846613
225754
218421
-26912
134216
175973
327232
435477
539309
412585
692889
740034
975445
448548
430443
13175
668706
410217
235171
614075
961376
966704
-53200
638620
714985
686474
-62141
-86238
710363
162022
721010
700082
538772
556061
528910
71601
871365
702985
454555
39917
48911
807859
771907
475691
473451
848214
686187
552086
48188
597243
626616
660765
319911
73689
-57750
778483
969812
444469
884772
98398
331147
20285
691919
891755
204456
-97652
11187
609175
453888
531304
348786
722467
148819
-37787
217479
265803
110843
908184
777600
151637
201331
624787
639460
-54837
57328
555309
760208
210693
431627
611070
21651
711684
377571
-10800
58361
867115
472234
889612
320680
445262
225729
887686
36967
167077
927661
-11125
247453
609469
523486
556045
609674
756693
865212
668515
476693
319576
303536
486516
635451
115244
935576
494185
893674
853873
961026
436298
139013
23143
610672
498515
328581
177133
-30664
472786
309781
224870
511608
996723
415487
356065
534972
89891
337577
610358
128061
57488
470584
157640
-11199
633753
349571
785871
458209
289502
164433
50838
265499
67434
779346
882006
278752
672803
405858
728419
658857
489555
848084
978490
362623
878798
391298
954448
-44204
167513
562519
348172
199340
964530
359521
236979
823730
823928
371987
-93464
890617
-193
695980
197201
275926
872125
147725
212913
517050
925915
799471
561223
931020
919678
244679
97451
80128
26923
907717
411981
244127
-74503
316428
333868
15229
145992
846696
572474
928156
767700
633034
595834
465755
108193
414718
533578
367616
291812
258161
174087
868639
269540
294930
139406
948107
15546
283515
423238
611158
855026
778901
851803
914703
845949
768676
362679
696590
-15831
336609
18388
345815
893271
837408
480049
665538
335047
590493
771621
826329
-22550
739157
-98955
444304
511979
181741
41499
229096
704759
489515
725117
474570
588674
950557
709580
89937
761469
706278
-41469
481437
666624
873015
-71329
574813
632933
-51646
807052
312240
145056
883748
-6223
928404
887592
255112
943449
870483
-19401
777397
-98413
897357
856401
-32251
65636
971693
799566
24818
645015
696870
548013
45084
287899
606008
518087
558645
112133
648180
556882
988998
981125
779391
11201
379304
721760
788815
220990
806770
254628
465516
3224
730687
641084
636818
82621
875294
-58221
996095
811384
943178
244399
161263
241459
181598
476749
353876
15699
372307
577130
128426
502444
-77148
8517
778953
142443
700296
559505
152480
588863
925958
475743
817637
939952
92783
170223
389519
532988
710883
131189
284287
227561
-77264
696041
402131
867686
806666
299123
228040
248478
951359
995013
871600
486793
27575
157382
831668
293841
350604
477870
175248
773705
-46628
942944
398933
729202
354894
104086
674224
35444
407756
-4338
664304
784369
758282
831003
603619
270324
703613
545065
615662
155715
746071
582362
694362
327980
964933
176863
365590
901079
733915
362282
390779
149014
347028
-24346
561520
492922
-84872
958218
256482
986839
103051
875118
148428
825953
611963
-44487
465542
920697
-10706
333528
455000
177730
-31279
427835
122866
-91028
683044
653436
548016
940318
37963
205288
671628
451629
797275
221501
516879
388527
92698
973122
586729
594444
655510
130009
227912
163273
211658
166484
237767
49829
912240
299737
291872
481333
-90139
22109
926981
850715
823314
874120
432462
468136
754622
108170
120854
163981
945666
805638
967109
671907
928844
104132
164105
585365
285967
31106
-24170
76193
918800
380751
5446
214208
333367
513916
662410
869459
-43710
92714
819509
85289
-20060
831311
39323
914662
-59652
-93818
196189
422192
29917
995773
998651
83956
108416
333509
197583
347053
391505
798047
-38092
938254
211882
282321
158547
182052
460252
109767
-37731
-3723
772655
614429
-14474
144372
196753
13027
352753
700127
343966
461564
530814
82595
628109
512722
239044
831784
554184
254980
653103
994782
325966
585784
926802
771694
667870
244148
641960
600001
600866
323699
509167
-15776
706101
19336
797080
559982
206234
467507
916911
-59556
755030
715031
123249
-78594
927927
611969
877863
-76374
645718
89554
190188
208285
25175
877398
168584
808826
304503
816258
120110
87718
661130
589363
65052
365106
133817
20940
490157
423533
966558
61792
310447
177075
-62510
463693
424725
478411
813714
185196
110483
721438
679505
143105
597916
630077
850316
332675
333959
571713
110602
397326
179392
612851
743692
422888
363051
780550
740507
706839
407247
93679
689295
574708
737273
809639
381848
970875
266594
274108
357530
210640
233973
430845
-22625
614829
178708
-85816
529266
937628
839858
492739
706847
982684
334637
749204
414685
281812
59125
896148
394100
552490
899978
953742
921002
-23720
518151
460151
387097
652502
256303
799300
897882
904613
497955
643539
710812
-11646
177351
812006
256432
-62154
307704
531782
394625
-14666
871156
946099
-59490
618780
78300
777121
61207
687683
729305
404786
399803
454581
532574
163399
296242
310
471503
850500
589154
476452
580458
210906
320826
808743
294518
941382
305537
960838
51440
-11571
41349
833551
-46988
444123
598754
90002
-94297
422323
986309
398402
970757
598870
772320
61678
699488
277598
714328
446562
253187
884207
374005
304673
530534
374577
931695
-72056
163581
327968
443601
707423
148982
991177
680811
328320
798691
268089
461474
25980
896869
616701
49102
818595
572365
275234
154928
952106
349897
17939
753453
241705
804568
106905
366142
132236
162772
471641
105328
168833
654781
97843
567500
446769
760494
582632
111893
748392
361110
684067
577374
359789
832356
793472
662173
798225
231491
-74764
290056
998375
619441
469640
376060
490885
146159
-10957
-91914
875777
275246
905163
-12292
180632
960987
360089
141588
812452
-89641
514199
42471
504985
900666
168362
90538
320841
-2669
554855
443821
853446
-27103
153354
666869
942451
423502
-74516
622032
648712
147173
888470
734402
-77280
952824
9649
485398
407056
947178
384480
761295
-44703
884937
-23437
75680
190490
687371
552908
-74060
998384
790051
138443
950637
-64271
133268
452399
687198
927443
662237
708405
108692
668347
257694
551180
582734
634666
342151
661921
609760
185571
531282
689807
40793
47470
190565
972154
282107
191364
377188
523670
909047
211861
333157
179768
701856
847774
949868
9775
45132
600533
856759
365013
765990
871054
854535
939249
772598
947899
-94685
519401
521687
685632
-92757
115773
-83385
36901
671447
451280
486545
-36948
363326
280987
208955
-12004
285361
993779
140216
462309
116213
477035
905315
755903
608173
614816
408462
762163
135519
639838
127038
-94905
579211
152232
914978
170355
782495
376639
448938
366220
943823
721794
12526
947846
300260
325276
563928
-6676
464627
957087
161223
883005
573924
951153
800509
848016
129228
624808
884011
777010
27632
89272
556913
104577
353712
232145
378498
155536
350159
-20393
733106
996549
176749
682396
47145
22370
499112
757230
936139
349822
593680
-40110
50621
444356
964696
349960
312393
763660
322067
170284
508503
950598
374261
56355
850183
494043
472944
984322
119616
532243
672478
743445
622427
-52497
921083
855031
937664
706766
-38577
926061
210420
794505
986275
831860
878496
271615
-71270
712230
773303
-55307
737882
584561
616961
479828
274101
583419
105888
-32743
83173
460915
244125
951344
165098
370671
125464
-78206
152006
306937
261732
218284
-59199
887521
185438
460834
-93139
390329
-13777
760056
80941
804790
666981
729966
189622
281306
-29927
566100
685144
55140
587318
-59259
515553
69675
817289
164127
583515
111262
-67307
969813
411475
798436
246114
-97109
981716
367244
600558
814811
247838
587486
302914
739379
334930
63853
795363
351032
-29711
-73315
515416
683043
338391
802653
210782
878256
93987
513394
19175
676632
30665
708920
932747
133744
315179
514986
962204
839317
549340
647892
497725
165341
290782
759726
213030
194906
626854
-11227
87072
-5715
10224
377677
970974
602291
848877
11635
355297
237928
493387
36958
-56058
496271
986189
198822
450400
947015
589299
331402
378363
368757
104057
-48744
525127
788430
139905
-78301
871220
987926
655022
320252
-82595
729038
131990
840900
649391
184636
362883
627737
161543
-62220
444158
350785
861127
660328
194237
453755
429889
942945
515120
523048
379368
800586
213376
800861
585563
366444
298355
30510
596251
517452
976469
471722
484346
548049
224896
756477
602701
130058
966157
294483
-37232
70020
992159
934862
898827
313389
279634
236483
926734
120712
964270
100995
139870
310659
446310
601647
839793
9347
532747
90283
382423
321206
653499
370375
356275
891261
692682
-24976
523020
761249
13828
-5025
-85297
501713
295374
908624
912429
356374
438271
140462
832499
138663
-53423
921783
815070
709014
78345
901046
829135
299967
954420
566736
676740
817348
955466
797335
385886
511812
267521
513726
840667
942605
76378
465896
912034
938017
48220
371930
374908
108381
74640
690449
902838
882340
262753
478671
542714
334986
804343
922033
758455
981510
580521
815746
958166
583787
856841
951869
772992
171641
704658
716655
964870
526390
402533
535518
183956
77130
105085
697743
675507
363326
30844
973467
358891
61240
141984
569854
436820
380831
62812
-30147
763349
118985
483268
160034
520386
904608
296121
429464
88788
961834
-45696
311088
392089
895939
942973
913310
412288
58263
471384
607143
875324
524465
851808
603254
825771
74058
840949
972727
315352
455382
559572
810865
-3301
638646
569786
503394
893225
482274
387299
177515
746246
630169
-56920
811589
489197
488499
-29767
172955
911265
507279
325657
894431
206102
265684
353861
25891
219043
729767
467152
826401
637004
312133
123573
478835
710817
529273
773283
188177
423492
112527
570717
606613
578157
897015
220593
135365
3023
751063
123108
831424
408951
46905
947750
656962
799540
506179
822007
54076
673199
519096
404129
-92767
570782
358870
916647
593228
439051
235660
956830
88674
472942
822368
542915
900779
157629
637825
12866
481693
777229
899946
408515
765861
727881
954453
53106
390871
869546
411006
731083
77583
813836
576966
133115
795380
16656
10118
292305
135981
20288
689446
948731
53578
825087
505658
309321
700467
103939
554244
592276
229264
771913
22810
871436
241169
-17639
847525
263048
108177
982834
520028
527103
507371
303541
805472
698896
431993
806391
74791
-26817
113971
322070
-97969
96088
403996
717048
793387
-55443
954445
930290
961022
-38855
563940
219680
923427
415881
564407
929903
234307
394982
265875
743046
102928
352623
254755
51329
733631
234039
943573
957473
142122
235752
45198
978459
69044
174621
506886
430094
81516
411349
430397
801244
771920
289285
-54452
299812
436768
719046
-91996
215405
556375
6386
80420
-65852
700071
110380
771917
281460
513239
471881
355707
954027
983834
729302
624193
396240
523683
721566
781775
606482
163399
606618
-29553
796227
86059
-11751
157495
549768
928392
295637
-14473
740624
92480
641469
-66235
598904
495533
520100
579602
378899
843407
577941
37287
881892
517257
817261
193811
453454
374968
247850
177480
416980
122054
564153
905132
874889
130390
972225
914081
710234
438442
332772
840978
175549
823744
347687
552805
409868
18014
26203
-46354
-18098
-91573
536374
-98409
764395
863198
438469
146071
583306
315422
39289
322499
425841
772235
979319
945514
900779
-49681
229962
628744
639698
753097
877368
674449
711208
213561
800338
73834
418616
760113
937279
206879
306357
166299
306952
449079
489701
792553
983389
838948
254556
695586
664145
314810
782458
669337
-33608
-94397
537162
800794
64469
453581
-78231
476595
611214
497769
28129
723007
738109
920614
-65782
-12368
465837
390795
287805
873417
52740
170025
194014
706291
923939
100109
345155
471648
14510
123756
-90629
62309
810055
213554
151950
978635
794244
644980
861583
873344
333965
515751
787524
773935
964252
540075
768288
695500
668273
596303
717085
918889
392066
19973
74125
-2516
927279
963248
671238
624350
650345
714184
286948
691675
721887
524687
951897
971283
-47484
558899
79473
771340
905900
120386
289116
958822
118127
265648
-68471
-58689
972439
766819
431024
781810
225323
860079
986462
17664
727116
377726
961114
598590
384216
698186
608710
-41949
300581
449722
526798
-19124
500959
587865
93573
39353
897547
542986
956688
193509
758519
68132
421718
955027
884792
729356
111061
899173
-87658
-4768
-14577
63651
282597
476886
827623
989437
58484
514534
809176
696450
710629
104117
658053
715689
-87948
418884
770821
105044
847592
170044
602168
599174
924715
523209
238202
217661
698786
362116
166611
940417
508406
467710
316092
648439
374480
986578
248366
651450
-71762
337546
672181
415517
767588
101288
152696
-70345
720293
-68314
395476
264815
168850
120923
703827
818251
885535
14611
693917
-23504
800531
947091
294524
135107
800175
97861
630913
156628
205216
326374
575217
628635
346981
410473
135954
302502
546993
863848
-32447
911315
156121
291384
194640
767120
314063
472829
720593
407027
578774
721810
313178
360401
353181
393874
98871
142160
568145
305160
2062
986210
505470
253368
675268
819579
147959
159057
333126
302959
526779
98534
905672
73949
857944
130493
303854
35749
909802
814275
904359
414518
622499
687149
124688
299374
633766
715494
283827
1127
500442
463868
20858
837804
880933
512508
892534
263178
565993
131634
957620
773086
719041
291512
116977
259981
928101
865963
960111
471754
581658
814957
-42714
299616
982583
106821
477316
513950
387473
983748
413091
-56311
448319
-53136
778280
-46352
920094
-76840
852775
67088
359589
695516
295241
637513
505006
446888
477413
429338
397483
2793
211674
778456
840091
268852
-97426
178048
510625
-58762
788268
300269
168062
536670
420913
824264
898093
323641
424717
998322
637642
805859
586212
688713
897523
9867
24471
925950
998423
-95964
614856
983314
-50426
390671
293526
-74805
39882
-95822
213832
162005
847240
-70541
459260
865495
950579
537086
576478
779509
240682
956449
581819
602417
821268
200040
839375
764537
435160
814937
85932
627111
438630
793018
305848
440163
807540
-85678
757664
753549
9632
472691
321386
909314
957606
490684
466337
601672
-95969
765662
451818
176504
-95821
664903
987744
408384
418292
281181
56131
247444
123779
-2638
692449
424582
956719
532797
688675
885325
-1350
-32975
122481
141217
77802
200726
143769
479037
843661
292732
780660
992388
321373
585037
-68593
88328
101854
-74314
49162
388838
86348
733135
180187
636725
916001
711522
803466
201029
33147
-54298
766480
241863
488869
180021
264632
817983
385905
448858
996561
79911
201478
393609
775537
565512
715105
51935
647379
952205
586150
599105
563489
492908
333222
-37642
-52502
409296
161613
94861
917467
-37864
221218
294747
673376
596082
314720
788478
836026
235938
582503
-93858
311506
329575
722386
161854
738048
192030
520152
97533
-91427
646120
300979
323531
837303
609837
937406
930232
743735
553812
558891
676769
536399
139915
806967
387595
422056
211911
933768
273424
538865
766174
-6091
649350
640381
728661
293568
808805
506380
730216
172612
860538
465598
80940
782669
108557
532283
746380
942781
649332
858185
5119
484177
267585
762359
-419
411617
404223
862950
278758
521730
803042
685617
695265
276201
903601
869571
599994
216273
27769
578369
703613
846632
457584
594890
563869
475505
991711
796966
428915
841629
387137
820006
683848
179282
270603
421277
117067
-20649
469329
49156
810844
574049
255366
420158
570906
92637
793857
580996
366302
-33008
384675
-84973
169487
609201
696558
239002
216432
932997
890102
111896
24388
935170
372101
-8107
800709
18440
875980
738070
-30099
224623
117529
816101
56100
986041
146684
220304
849180
359081
662158
111063
550211
934773
165050
602561
564907
278056
426515
703712
-65685
558204
369656
909841
105697
155993
-66940
904408
505025
590039
418167
897137
265192
731590
497618
66905
530108
949795
-96384
830162
675690
126455
508220
482215
891782
942144
790742
64947
419408
887219
550969
38529
599053
739221
697296
-30796
358358
247581
508763
33254
631090
-89946
220248
263310
183532
115309
165766
498261
393573
327628
869203
914367
703375
80514
604302
932679
179743
45260
875698
582163
276017
872041
971637
334882
560972
863616
550972
491408
117814
-52378
438222
644951
902991
390382
-4549
836474
950622
471503
953290
787155
988821
848628
451149
328213
283846
790167
579417
117870
-97956
124759
936926
955000
28397
187441
100794
124045
266617
404716
646299
952867
179471
552349
629181
280812
441411
464104
634285
398929
70288
364584
719369
802328
864547
21101
927755
552867
370204
321613
920408
856585
686129
139059
447363
205297
779477
911750
651169
572598
209204
456730
412456
65958
610081
10217
804400
515220
161134
399386
209710
278945
-6039
426284
999910
379812
235671
853157
387362
448007
227153
737851
964319
413808
560000
634710
881311
934189
767759
568229
131582
335098
104379
865720
271710
219404
6178
529418
-86386
618802
498140
390008
107526
348615
333878
855817
415187
491569
510272
674882
76394
502255
189773
410395
224668
728862
223829
681311
93336
-53580
-90835
328280
883356
202192
263630
558453
876429
141152
217378
744858
942992
374792
23286
431096
-31694
555879
58559
273102
563963
950823
593692
810475
797660
879646
646929
-90184
564525
818525
371362
930463
191325
652549
795554
375796
543533
997155
844418
244256
391821
993245
217178
912579
770792
-7186
489577
426997
615640
-40967
329722
963322
497940
-44658
320112
-62559
590935
843351
468012
490375
644162
472614
188920
774356
662936
150807
121356
-83339
532216
161248
442122
339714
887158
548234
740544
-19258
-94815
211031
163427
554028
841272
106460
840620
325451
642291
256189
583485
202421
504360
395895
41346
853107
555267
71977
592939
628243
712069
130437
223310
233973
630685
14393
247910
20295
398793
45612
562045
639867
55809
651977
744397
452810
847245
274480
391522
704885
286947
563629
28508
325242
818486
104647
199504
184171
997376
102445
841737
863483
295417
366784
668781
695871
396592
267819
253798
350720
705034
667070
170773
675981
691490
391029
294033
461727
679460
590485
143693
949534
97146
203160
869581
972285
921509
497732
892085
472418
640502
5537
376609
256742
723940
654877
876656
735916
943927
332567
912947
265535
126073
409513
794307
431072
-70956
180624
563475
-52795
88888
37589
732635
638471
556478
380343
58373
619238
660967
-84625
96355
995934
840145
296327
26176
466297
-10937
343629
838969
419425
617614
317555
750295
860637
285715
104958
386859
182814
51924
858212
378288
776631
254159
736557
251714
-80241
607939
143018
57824
376057
32838
843081
68902
416470
757292
938686
784564
358730
393391
369967
828684
686845
379170
390224
514418
447397
180217
489065
802193
681702
704477
430280
-59613
919358
811030
-48199
-98689
107057
517193
283800
543214
413474
937914
98033
871405
798933
46
761657
566557
774072
661963
38218
752413
317858
547714
-61166
10808
969484
139813
665231
429313
908563
-79348
333045
-75748
437958
624277
531129
-17536
418239
204079
-96091
578738
904117
179700
169602
705716
-94709
335189
573856
453789
147466
762737
33215
6518
594030
931380
495767
-40834
849351
551666
735409
565791
-13351
131669
717576
753983
956277
318724
220300
774804
110775
662213
896594
762009
776647
118255
933992
459428
744488
83603
230166
263230
249621
445063
224573
283310
842565
120658
954467
136509
-2405
444552
511662
72870
67377
796685
749548
629387
20729
79059
537706
935721
532126
3702
340559
590174
95222
449606
948748
651069
672412
-33374
38805
873955
-36392
-40577
696103
32262
990978
435233
373055
319116
-1558
628444
855839
563911
392628
-82809
285286
515239
995098
804926
864605
292538
454673
747922
404205
59984
-68103
119498
796474
983326
733593
393304
124227
750139
157749
580241
869639
209515
842700
981637
768325
-63341
212442
470766
387336
176462
249020
991749
364062
-6394
493794
4640
783636
666737
604814
31926
8292
277931
334514
384867
127186
920974
898982
579797
700560
244818
259322
931750
725015
228632
330733
834506
872702
422743
541527
808546
287599
763076
268039
467339
900812
763507
621270
335277
794444
36941
507451
114419
436139
839818
330536
811860
846760
806638
628764
40388
204199
660848
384116
666212
223002
782977
29908
895668
671809
-3334
648644
13599
597634
678525
737673
675948
824663
305260
619537
452536
639188
39393
889751
678975
80026
603890
557277
993405
231115
526221
604440
840606
796603
401762
248044
454971
587941
588294
470067
489952
561029
472458
395134
480681
155702
-74649
931388
320322
519912
865598
920649
408287
423227
667336
181111
342806
-38028
454909
-99969
725866
94890
133757
864656
745126
533417
738351
673293
841016
679967
362596
601931
642209
290124
313262
798048
596547
49066
393403
755403
63005
904726
746623
576395
835959
693280
186430
371869
542826
79082
229887
801321
938351
100791
677467
346930
709423
482722
179253
444886
-49413
449148
680107
155022
923880
462531
328383
95484
26255
59357
625185
378529
883616
512396
76767
657019
962487
334257
49788
860740
203743
-6548
250858
101723
257370
750920
129608
-38256
154349
589044
828784
724258
-68190
976124
924789
-22996
740299
915113
673032
63065
595024
-26547
59330
340928
-41714
187052
642826
979505
153290
94108
938346
669857
320742
477553
165702
246850
73802
71448
734968
622009
705363
272067
356035
927300
920592
507161
546250
-2692
-47424
752078
384478
198189
790813
191226
-62723
204153
52474
981088
-71061
597221
774258
841764
-55980
187769
-10734
896981
820532
-85109
942405
601138
352799
83921
122989
773219
299551
470669
7509
194734
-56810
364369
473328
-12515
-49215
128222
881857
-64307
387512
975559
280698
238568
802711
908977
31717
650415
628336
605712
971018
751880
668307
535838
709853
532536
807957
942893
784506
691815
96306
302495
700831
473104
381073
367234
431619
-3850
668862
500188
754358
88181
-26034
248824
659597
742119
-71398
205305
213105
745503
102761
375894
594909
707990
643740
155375
684841
693174
-65079
47194
-18046
427831
297472
677846
880811
172992
572386
327936
-1679
771179
677492
771047
-19986
500276
403527
626869
545628
675864
478272
141024
593304
433057
393292
-18123
959346
585715
382855
758179
68439
-61251
108046
-81973
887
165044
614218
399651
611510
417689
723914
391221
293810
-65647
202336
421483
649808
391225
821314
298554
553019
365212
165454
694150
402815
985323
402330
561442
475352
837785
328091
443256
942538
523887
359457
-59725
384549
756634
337692
329993
819570
598150
554124
354165
243182
40343
998083
565968
167261
168881
676381
180512
362870
673872
211668
330806
339295
397528
866112
230000
356821
773551
88190
714561
537598
549076
582508
484082
103566
908993
264321
99176
-88616
674375
880004
-73531
764615
-64853
535973
993334
667345
333677
-2783
768518
375354
415944
703850
121696
890642
597041
89579
15992
377828
-61046
132035
-37182
-41533
168007
245429
260983
22486
37726
401641
441531
961908
60935
93822
-92154
-98989
956558
276819
521165
50999
204046
925919
533472
-11668
39004
246642
171083
11723
38249
489050
632802
527294
-9093
802558
737805
472868
10989
939140
721197
865980
500943
768683
161843
88326
145200
950428
462286
759327
223761
97173
942934
650438
854358
-26459
379268
734445
935398
81067
355776
429660
86975
93932
254213
84970
390690
811291
251778
931594
113425
73152
73540
410732
389605
492616
66106
73564
200284
391310
927491
451176
379305
789078
10896
313048
905627
722541
542310
281083
784602
650806
503204
760806
394155
794061
332788
379328
147780
220546
36572
72038
556486
546126
848856
810493
353293
143891
443352
295625
965280
502104
759367
157
173328
971931
874166
635605
843498
16222
417618
720738
228535
873331
-24877
831945
669185
220616
314368
-59247
148720
840866
11300
486164
620688
107498
395668
737978
717142
529713
883354
92182
585390
435289
959434
822838
894823
78392
733467
482510
177372
950907
983916
532068
652011
-40560
197933
524833
550214
142664
617609
814245
242531
264212
325312
362721
8077
758035
82089
402347
122171
33212
439990
404868
756037
816592
-82718
3775
856100
504076
-79517
850041
935530
710094
982025
445466
-48668
869935
407705
476420
427652
755676
854839
828172
973303
551090
662939
848718
153680
87050
985641
209856
698528
-22135
946565
485260
149278
432084
213161
736168
311917
107561
918137
967381
-1295
600889
774901
454672
461710
285635
506228
190194
996724
-59549
282021
685160
531646
29089
671283
-79489
298233
422243
349686
30173
424537
579055
385979
391425
392717
543832
345631
732945
444346
-76896
222937
656737
828221
436611
619180
690781
199283
970231
389739
648562
-9929
391556
327639
861761
191151
656801
839411
644785
415518
270482
751278
557444
77674
-30482
215893
171679
966709
929126
25927
456958
391938
491421
78801
999736
453223
559836
906812
194447
183660
-48719
949460
85895
106692
195094
52961
719579
441556
-80362
687384
-36009
91595
109392
-64685
-60677
127821
48983
542196
410959
815017
603583
525163
646778
507659
927035
623256
443703
131994
376597
-69805
676542
623185
-25197
405523
462513
736222
383989
422853
-30619
944938
808528
450071
577502
219299
545315
281185
85991
130854
128896
160411
381081
613654
977194
74313
-19388
527164
-89231
765562
58359
406855
983783
377739
758486
182549
628661
881411
555210
124976
258246
-90936
69530
891085
-2891
822666
933858
-11229
12114
234410
778314
883221
755358
302176
987241
375379
422771
665763
124587
840146
873664
393975
184647
741007
537134
878248
223634
625306
860724
919343
249485
472522
850799
99084
730096
366545
819881
13367
201708
-49162
882284
205028
140422
721635
316992
-50341
754570
365454
404585
427661
236138
-31062
563989
767886
575957
-76059
289106
682762
-63610
38882
-42148
257296
902002
141873
760351
719800
259072
831508
724120
897997
138035
79053
965499
387477
112964
33953
-52918
995963
145208
321318
745202
416595
300383
556878
295189
479970
56822
560506
41697
467003
-55430
101893
200086
73682
378148
315253
767427
415117
-36012
313270
251829
549246
973984
181274
29160
749501
649162
300348
240869
775447
689710
948642
652351
584121
408471
988189
29649
-21517
638252
290722
445921
761789
-92485
563628
765944
97637
929885
753810
148901
951833
260059
201483
417061
692030
709926
711193
662598
238270
322458
931782
839628
163112
521968
-4557
596426
985039
455041
539384
284005
10240
60747
82199
963702
333772
302018
119748
363575
592969
389747
189184
363968
419177
600552
687410
-66715
587773
461659
886529
234578
402730
-52896
185713
749091
26973
959053
461453
596078
-31067
719249
265031
341838
398588
465058
819956
71260
123741
902300
103244
-33886
923198
797093
97983
240545
792096
772915
677329
581901
619105
552012
536294
688598
613668
603528
955646
157363
968334
547616
121454
782246
593883
520699
981678
598896
65365
444627
842731
48093
149663
693641
-80323
-81065
216398
475728
521867
536273
765907
156113
178217
410469
908910
666157
974539
144590
278595
264335
37141
374819
815873
519763
14165
963852
609407
-82027
-23939
381475
435852
778402
386193
243431
345654
684055
572288
698731
333537
806461
-42976
184930
673964
583358
290196
-32679
281558
901477
865294
528703
703121
132764
-22463
-93763
78856
199774
485009
513091
346295
203616
497635
864373
-26941
133911
725392
840309
78422
-31064
864193
499989
395594
155093
25892
5936
-77055
965667
645842
939342
807275
65084
522545
770186
274624
294557
815477
-7649
666075
965653
461493
167164
18985
105954
13988
-18084
436980
831619
105773
378193
418368
790825
518438
-30617
41764
-21912
20356
900236
853199
990787
914424
300540
656113
164037
873570
459626
780295
349508
246474
222355
793769
353469
754574
-64327
887382
371875
567511
385933
800620
762731
806358
241755
-33948
238224
-25916
864397
-59028
-95991
835136
754049
614527
41077
425061
765875
500954
907542
273846
476142
481355
-51687
545319
756909
15004
388033
299118
793616
918881
495797
791558
500647
170881
775417
958117
456235
886972
108340
767391
287110
44796
82851
-90892
988868
117076
748138
-99638
-44813
563986
629201
403877
54791
476324
406106
868475
174553
4491
898934
801195
549090
186656
-22450
94719
445734
-28923
381548
630385
247530
820575
-74671
250279
140018
564613
52199
609521
357587
84154
-45363
681118
289159
974106
678731
695919
30252
221548
390830
-18338
601958
724835
3422
445009
-1551
327356
942369
656836
-59978
896364
592212
691554
376033
873274
165429
-16374
-93836
823383
235709
76711
339095
681734
381118
268862
276262
446379
441193
535604
899784
789235
406162
197470
792653
973968
731597
496794
376701
493330
454621
81832
491405
619933
893930
939153
701885
580603
116642
712027
94666
903128
338070
552284
-89121
793471
525277
934172
135036
514869
514942
158704
189568
311966
275877
432228
385332
509416
670378
203668
80095
650643
874611
176649
737239
141111
-15309
742172
923353
772996
796040
366060
553731
719171
743538
16691
887301
246281
938478
421
300024
527993
303594
937514
16908
778448
-44888
-9666
224869
837755
164139
837907
678139
156177
899172
22889
691481
322869
446705
16985
854725
492140
64083
246426
82537
761767
270983
246234
886549
494627
859283
511745
694905
963731
435547
357790
818770
486572
941898
537931
144201
309947
262280
-53417
356995
262566
589143
617679
94373
220233
354975
762285
332410
70746
266209
945174
853012
122586
21099
413973
863178
35166
972877
828290
906691
352897
536745
3044
734421
693179
951388
989997
997327
780123
322157
926462
-78934
329940
67612
886727
-80994
999594
895760
282322
301622
962909
111614
828670
133688
170119
993804
189376
292235
112019
115507
315035
772866
986610
728872
464070
204743
612203
701173
233387
464521
696118
385393
99194
794539
431843
-39011
636622
885694
558857
530005
90003
921728
591789
910416
163162
399227
943367
621924
118808
537005
482178
382929
-18813
850313
523927
3346
180506
473275
266682
928278
814070
356827
293045
-90242
516262
38943
804736
168496
272232
196717
403530
332870
476279
853839
182254
351531
343829
-73444
229405
543119
235232
857628
345019
985610
585792
151023
-60083
779350
-64175
327479
468113
389233
19382
211973
590154
122732
550265
521085
722211
-98143
960735
446606
813482
435224
82164
909809
381457
835539
173793
-53521
52217
326079
-68365
667338
998110
196025
349383
90448
341810
941850
167628
872155
-70951
538107
734767
81821
65627
421086
950328
275258
506777
176505
91620
297905
306970
203607
-50520
-86759
94020
81235
364185
853413
540031
-33914
617378
151155
358700
-40086
732612
792880
834130
29297
868471
975755
965797
221846
-11603
-43376
621486
809061
955995
690435
953958
715848
879944
440273
515751
732714
529681
873930
637225
487591
499673
98670
999737
35294
782542
160778
398384
-38238
419638
304694
586690
24722
673580
78896
143523
489652
238722
83368
587222
873185
776999
537149
21315
663896
557329
636510
944145
321099
241719
643242
963734
185406
895428
23730
313165
337616
314043
532681
699308
384895
248838
823826
-83091
793910
523486
2563
576611
403363
655504
71468
-32069
783891
658550
305083
968140
484525
572075
464964
637282
321897
346515
732033
625554
344086
825158
128179
323292
580464
510007
411681
92115
682246
12988
966762
134595
36801
703513
288201
-15896
170290
164367
380416
237084
868500
-12831
10450
947368
-37837
963738
222798
653733
647238
2924
90468
777990
975147
530250
781060
407523
585639
854368
273814
986651
90646
513978
564337
252071
386907
651588
454770
562710
839678
632982
407930
195807
55293
283788
581295
626674
888039
842640
98596
35048
437498
650222
986896
347244
185649
629501
279329
750798
631967
728380
255715
751768
672888
134344
667723
479047
845227
-12218
539872
186180
191428
409066
-20623
179697
846276
-63357
711603
818170
363034
600888
366961
21214
473736
811289
-49471
642196
788105
630367
856307
225461
768504
704544
280631
-57186
322815
139608
-53544
-55935
319338
-99865
-20244
780973
23979
634034
482555
54185
350673
153489
656734
169292
185843
553231
177185
346590
492565
970848
790375
590591
-81466
482747
362185
331197
880467
336457
953227
-38352
454276
485360
91244
474227
403559
387030
772465
924339
720055
695381
834610
531052
591477
971874
436953
392910
541711
237869
686834
956254
214361
705021
223115
-42290
60926
435328
710895
168800
988223
631784
814780
508855
314905
-3154
45915
644458
638025
384811
86980
258359
549773
552021
624810
160629
21717
-63427
782694
815092
163827
465600
-92604
874786
303698
105775
870975
279593
-18751
338588
608990
811235
252267
316753
452335
19805
372234
604066
758888
156857
65330
792911
135281
659771
618301
-62275
824828
843076
154934
509385
520921
-79100
70377
43314
385450
202456
530483
136886
535757
330157
413843
803054
882329
212374
104052
666081
944061
865646
634803
98621
964147
296729
128642
923962
937881
299502
541704
314450
66436
365853
66589
594612
879765
492977
279103
977362
579454
492456
785782
219751
948477
970760
592051
240059
-59629
818938
602216
-93763
156500
276606
998548
918298
680935
370641
377888
547261
629825
738167
579087
458
241257
389945
212289
356671
735793
493282
300150
313956
253896
911285
805517
776686
738291
186605
204860
282307
931918
357296
102309
682094
966655
467738
874439
933532
926916
745554
810242
264718
1374
-51838
147073
587797
-81155
701830
621729
699411
999436
643568
405292
659508
858052
855300
-87600
688524
974156
131214
540159
629895
302339
-67504
40217
937893
115567
164277
577843
112163
429880
672543
157817
632187
678532
780572
459424
269000
972241
727049
300396
269962
280060
849908
794471
613554
528148
540214
201889
187388
126452
202708
624063
208383
394527
904858
619922
591076
88070
-76999
257300
430230
416284
6023
337914
839513
106894
792714
309320
273758
698918
23268
308836
477243
625728
978242
314443
350631
953954
-35801
760876
699994
367217
425044
70293
719531
689329
54565
120209
758095
-18165
825663
214144
184809
162037
709644
699263
553198
169332
86292
16583
313012
908791
10322
557429
967137
116953
212975
504546
655102
562690
951460
177841
722248
-99472
299694
168144
252239
-35051
-47070
228580
438485
752076
-24253
263180
589690
238466
-97863
592254
-18368
245389
944024
473509
981650
286987
551541
452511
87443
630875
126436
-86834
862003
957451
230812
401516
-83884
990712
39207
297182
36566
522986
92622
296849
-22468
840987
492858
96470
910021
611690
170460
-17236
506768
918098
570425
23259
254092
583182
207205
423612
643701
632203
64551
534849
245401
455329
110902
65666
-2589
257514
654939
883600
62497
397882
486197
478714
-17661
601260
482942
234736
58046
860789
644727
221262
355976
196044
74554
706784
587745
558117
733138
917479
931796
605414
701494
538589
662209
942313
912370
611318
824763
572462
342074
606935
317654
672145
977695
272095
966571
929475
-49091
935437
517837
564504
765138
127957
609309
216483
67186
601882
919684
744445
982468
533816
938554
618811
103130
330386
319455
887298
790030
644927
307407
-5296
894854
385146
338202
972437
809121
120486
485031
904618
-48274
303182
239822
-70736
380524
191146
932421
919709
130890
780351
652807
800546
936362
663128
468592
911794
763209
366774
522417
189767
200924
278504
892431
932880
58299
832379
789746
203327
341320
718098
788043
628082
977290
136573
447790
922708
536206
105613
735822
-3320
56677
439251
750377
125485
-86207
530176
-73903
95131
635593
457074
-85005
352627
559013
602621
468377
159477
674676
176687
12662
597673
862284
235735
842630
-21246
172445
143693
332521
785238
467545
237393
808840
548427
367168
241893
790733
923421
355948
369892
133888
592304
419036
-38283
778230
970839
577067
-14437
334231
-77926
851426
-12084
263894
-51859
32363
775281
762022
734498
994392
118921
254564
956759
9906
616422
138892
1240
-44262
651759
-90177
588132
186327
190116
450553
839094
256419
-86501
732991
-86049
809425
899524
876999
110187
801458
192572
362820
83860
407707
58494
751500
878948
159867
444414
688269
53069
-96328
301202
198308
-35345
-22209
744959
405617
53311
519723
505752
619388
592725
-53089
-9699
828427
-6299
643713
220432
709890
580159
708356
751506
53985
346688
767878
578876
782420
199326
325009
194791
764364
797155
198158
325752
810389
809675
891769
558266
853166
490482
406996
658917
58240
778710
541726
424389
613140
286573
175811
802693
679804
435957
973560
178407
51534
67671
272793
260438
-14655
314201
790717
179505
818873
-99326
463407
2740
651075
69000
48069
171005
434490
368003
721128
660590
-75972
210937
658607
623645
314683
592254
453517
-77059
872116
543240
403652
741459
-72192
664171
899909
350584
314488
941995
33842
38587
721722
504406
109044
676802
164499
149446
556029
909609
92869
87062
753426
643659
554487
812435
783022
350756
735800
566145
245614
-66051
506756
945260
345029
488616
966673
557006
422584
284271
572157
768779
22670
145385
126818
763789
635710
417732
889774
-93864
308731
680388
764871
-12139
234516
972338
704923
724947
301474
307027
842219
745974
167356
19973
281699
143793
516716
131992
892881
612874
239279
-52641
710703
748220
916494
270135
-83171
941203
-86563
843015
289464
326290
355339
93386
508286
-8774
-12799
874160
760429
58038
62304
-97976
321027
398918
377060
-34873
816218
113744
629569
559831
391879
465668
785306
343637
495078
558177
203299
77046
-83768
48209
216137
557741
808514
645920
441232
449288
763745
586843
531888
158461
780447
129921
721450
508267
195237
598557
83333
761007
937912
532719
850634
869121
574715
127025
209572
751001
439325
473983
185205
94133
654777
681021
517379
500531
557519
110529
703885
692939
732422
333118
614146
947252
984490
203536
888587
-30372
224930
976922
161858
320850
503149
-17649
977159
617197
770026
697834
327033
555339
163408
134452
206400
229831
101976
297206
379755
349015
236327
-94522
832854
-23497
256270
511810
130865
322097
493033
587665
446837
374621
76490
938620
564703
752965
368265
978489
560687
380082
446822
-70234
597422
-8640
343061
651410
331763
847803
867206
370236
704989
81714
-72697
357065
51605
464658
667257
395796
-75959
206812
-31259
398670
-39360
269197
647491
993969
243447
880178
671296
828901
415107
419026
157723
6454
973990
975288
309785
516991
509170
297691
956620
309088
40822
722469
634478
289905
151883
-51027
16786
79368
782603
-41128
681705
723677
980082
956281
488132
8845
957165
124228
677496
-13541
497012
676107
70926
757942
266531
725111
811380
595501
559217
468398
34472
803977
688258
831509
747828
212248
224298
35414
44211
73185
355930
959445
924825
764585
385440
911293
194302
440346
881680
144369
613573
966559
591248
46253
353961
771477
420464
371288
20596
826203
511166
595025
662677
808653
85989
197432
202548
74256
212852
948511
305928
829298
798865
53316
48043
769248
100822
974932
463187
736426
176240
210633
13962
900165
641311
850834
426363
562866
18521
295824
808663
944616
663695
770563
66571
196146
-17345
983664
978750
969559
-33339
511741
25942
649264
517341
276009
-92430
869166
757363
895486
135229
316123
682221
507528
483192
898552
231446
210067
966837
360037
126440
121967
968961
860217
611144
-63359
573802
-94128
35942
184393
313774
702943
649162
386742
332122
690374
733396
328256
485566
40890
232394
389296
487742
628829
250972
335561
-34373
-52886
365466
934831
818127
241347
461927
908828
685406
816153
469735
166890
638389
708353
739114
709468
944084
872883
360866
-50960
-79021
335963
329996
114496
341730
414069
991610
72370
200826
998265
-42157
325088
616953
274439
418712
530614
576066
-502
924804
215649
27333
767932
259507
-81216
17085
-90742
185178
387775
350905
363214
700987
464438
436418
992716
-47397
12155
637522
239768
-21359
232995
994133
165688
261179
653649
237657
826844
76750
816256
-39562
846029
231331
971980
140851
928028
973974
821482
795361
713243
-77803
328369
904112
-51664
424571
582038
325079
46568
963656
409243
735648
88071
59143
782232
976097
503910
568025
982791
45045
410388
821837
311340
757661
874037
137174
197350
564654
879141
310690
396184
26937
570051
343757
180293
1056
953214
237607
-11466
624360
109480
399074
267054
814875
283765
486416
639888
867852
586691
580718
808163
152153
112171
44820
225729
899842
152547
567369
-895
-91306
362589
304960
646749
404570
646680
272319
749445
651853
511714
552322
859475
374561
806042
-9415
-32912
447191
339430
67906
565878
307355
789532
816422
199529
558448
426131
200392
677208
709711
419068
233094
262888
71626
913837
727959
496726
198699
302672
-29810
219211
593359
94810
358903
31687
769112
-14248
888656
908253
991818
226571
128372
129979
663252
-29401
685520
-64896
79533
781069
284612
159470
509268
20583
871275
246878
-43078
160382
885023
264092
779987
513564
412482
-70940
30774
703394
805103
858448
678732
632996
455774
865223
343660
-76943
137397
620999
820273
19717
250227
332906
34285
378965
59057
518665
-29660
-97012
682560
-84519
943829
259948
774394
323713
360690
487550
42446
491989
656472
251327
157330
301547
521519
801713
390128
187796
972654
520986
809055
858077
-80770
-58549
168889
888911
721743
417608
864114
626940
-12519
881326
320608
-56095
938838
981066
374454
989996
526337
852848
692086
572198
952559
-25025
897817
473206
908283
46551
413655
795296
872241
421918
707203
622734
699831
340443
820391
416569
887105
6995
597
804111
779478
-55832
203309
32959
447974
669091
228840
-24029
730655
418151
-37680
-616
899742
321546
-12039
432209
658487
251986
68099
282524
-19026
751382
116131
368553
478695
920386
338854
164007
549525
817708
897988
732379
376094
982902
340172
479689
872041
202815
668731
422194
-97126
351750
549702
951657
649774
-58374
176469
449834
493720
526789
665263
324058
573040
209156
-45959
524024
58362
90290
559739
412603
52279
402470
270632
324940
2390
170236
785910
244645
520826
861624
367102
698889
686190
100164
84623
332159
295301
-45358
637671
171743
294260
686844
742407
21056
373685
884119
827271
99643
429970
159111
557101
504789
259324
604585
97404
226818
548281
629980
895604
342388
335857
632126
428302
711116
800513
170604
54529
764820
192170
73136
205282
818492
479215
116703
623764
614351
88114
625900
368067
445693
501850
80202
298992
532926
647346
864793
748437
966515
624379
38273
142396
653231
731041
151024
784070
835143
539329
534002
194340
75576
837744
585637
686868
463348
270764
674897
395505
765442
984912
17557
331839
578870
261455
97408
253354
30914
550753
722450
-6909
938380
20959
219272
416214
930516
701700
670024
971715
791394
546395
-84249
570377
350063
929888
466269
458849
248411
261213
201640
-37275
864164
26142
938199
974364
93669
434930
910671
271857
771115
141190
96002
978348
734768
251544
403305
458212
-71963
236281
344373
336006
943821
237253
412151
-56657
20919
61999
997958
995889
505527
207339
900438
-44298
48106
492352
457890
61736
411939
311968
409968
604629
943256
411293
252999
209910
358675
208582
365970
-88229
266812
556814
551256
491770
368385
60472
327414
913635
-52675
648459
-22975
647402
976290
38251
674110
-52136
868815
-51477
58169
673701
-69870
10706
953970
809309
378577
475635
279243
130148
695870
556421
577638
840904
762333
918355
148393
392619
269691
58452
538077
340325
924384
570846
943115
223461
176254
35632
664159
216243
663421
138996
873178
983362
60352
794812
537849
328490
544549
459208
456863
664104
-77031
225528
14143
759454
-79659
636967
273769
163722
573111
475147
82619
664623
635777
166325
574208
7336
177105
181670
624091
226496
194899
923599
410127
110072
631303
-13382
584062
790417
736088
-24552
88320
308613
485975
380391
909532
863522
621597
548254
939156
285511
449219
986895
295761
860632
-85841
239443
520885
171248
763078
947093
458377
924186
953875
921835
796039
350998
199704
141538
530231
144356
461324
643959
294782
281877
-24256
588823
944010
218993
746662
654213
596023
-28136
343709
189451
156568
743084
399512
255213
657788
745172
140859
987620
124898
120714
357329
278841
-5273
968762
715009
970551
75325
61469
206338
665366
33915
767946
485343
341471
894993
582240
-1700
150789
594995
154863
613508
-25670
760816
692375
241536
-12527
467629
-73519
-11753
608659
985543
681662
411315
720881
468058
-17228
985567
129123
7503
696852
269422
929920
589879
326446
776521
963071
113350
486955
315815
943319
50667
448464
50364
530189
237954
77265
891216
622966
662524
328368
332622
642001
771880
328404
-7445
81182
599115
512301
-5662
382851
301173
45324
-90868
-10211
-13792
883000
-40362
775543
272822
999338
-67678
656981
807884
509583
362253
566667
481889
686291
449790
-42028
578607
46878
497944
565274
364277
99308
676832
-97409
889400
814610
179881
459901
-6134
989230
718498
436786
788100
868393
184100
512543
19949
57771
-1341
223085
884852
527765
785014
582309
231449
-35382
408458
275356
373286
865903
410842
459279
-96648
429240
141101
733481
192386
141518
222331
407598
-55173
191220
677533
809841
60375
-49540
574535
677599
69946
53000
257018
165080
680689
988941
681873
794966
-96644
768625
988638
-34990
250803
9829
630858
2760
791499
-12306
565383
977537
377304
434333
906475
638989
824573
257764
570971
825092
404173
81183
899260
902650
799813
-6715
570107
821201
413944
262051
794672
280462
199936
250280
444455
462999
205335
663779
273762
765845
278349
778813
245105
656309
636708
359473
792061
-7495
357147
856830
40087
-19850
474486
962094
429193
974219
449500
-23911
485941
992088
991306
239441
575314
572738
391690
785537
451386
869474
-86041
708155
333444
27415
369448
20625
438207
744379
329261
215166
959114
-12834
462160
349380
185512
633306
527725
295821
914532
966392
148130
769076
10549
352133
550584
703394
442162
440965
526759
357819
324213
416860
791236
71756
982799
487384
565984
286663
396617
630541
653538
927176
981186
731776
260105
651678
559060
-49612
30229
903060
879582
388984
26431
40223
414442
395917
667651
785998
905562
945132
487278
380672
567042
999136
682783
912469
186212
954311
186909
422011
235108
78974
497412
979057
1642
100010
290021
888518
494740
77052
-62802
75149
915551
493233
777335
371618
306434
204909
466029
765136
882139
926858
20180
167143
-62922
517990
200774
113481
974332
676825
151572
914566
589679
560919
986805
65875
-85370
524889
187887
572314
314665
378070
58139
806560
577263
58219
951507
132478
571707
-8875
489500
831208
747811
826048
991237
600168
536555
582684
188175
565574
291128
433471
166295
706969
326930
792823
211946
422945
914515
704979
300328
669278
855735
222886
443894
801028
100455
894696
759194
-11090
574264
828298
671534
978082
548752
76131
135474
208982
521286
888463
975454
705397
775738
395465
291065
346726
992462
816047
-85060
762348
460883
757559
181640
978096
947049
598789
244488
161564
-66531
344121
381559
167726
819382
299602
499271
784812
230
886603
398212
276302
153963
860650
858748
938559
670196
259885
704833
832142
-69460
360038
97680
814502
290137
161093
99170
210331
133913
121014
422267
735166
298482
385959
565615
604284
209395
507314
230449
33687
85279
948363
337718
929481
367248
848497
925793
365424
881889
990232
227504
930977
609085
164257
512735
185180
770641
338990
30596
230478
828638
845903
276382
94185
444976
388680
963678
649689
802496
712335
-56371
222699
824693
-37227
965254
411844
95598
743750
703672
897711
-63819
617595
544808
587168
375111
-86531
662871
22861
189657
224062
402711
889237
745890
654960
69850
807459
655846
495292
871953
825130
52040
449030
491248
389150
804213
717468
588916
448914
488513
529629
314231
476696
677150
93975
929975
607202
-29825
383176
546334
232366
508745
226688
453642
800471
402973
77706
924056
150794
544055
763323
96954
228209
175940
298435
912524
428685
656382
978956
966981
973093
84194
354240
497793
957600
917284
912586
900133
410987
662426
857739
142179
775323
-18168
-69833
575860
103502
623090
198975
881086
22561
387136
109087
872729
69305
154834
1900
-51848
608478
672753
-52166
211661
304015
511984
483458
690741
627486
27608
491715
83067
-22596
902934
-20476
88306
525663
477169
957564
38560
681253
200858
982090
863578
336524
910645
604101
248614
659411
251719
135997
471458
219232
170780
-47427
844399
473788
215838
409948
916209
977149
146461
127276
418866
221782
-2809
-3213
567833
367763
590872
870045
160116
677502
203454
409475
559084
1874
940072
269328
-35690
343992
622349
45416
260417
576344
998756
840936
759457
951017
87891
806144
873860
355953
770939
609364
237567
418558
369720
630995
100573
605700
604865
671227
375944
722142
734344
615777
501453
247770
465928
660764
555571
223647
299481
421075
-36338
590942
528125
420738
134141
294638
533017
539541
708409
733330
903709
602892
701029
557334
961026
509257
282840
139280
530058
405291
841087
919024
233443
-12427
339933
181237
804021
707805
653837
585482
489307
594642
-14613
110959
324983
255835
208729
878860
827091
728392
-23922
786904
799662
792239
225101
977825
866154
268977
14917
29262
763602
204471
477371
158646
488544
93986
981266
210671
715416
127134
787241
449568
8779
-83248
197058
502472
-40218
165610
-71444
988979
20286
268613
181896
724880
365538
412709
47987
389887
513536
332975
55273
325781
583939
-64583
780118
540593
450902
532324
727341
-68622
724544
259125
410579
949711
653044
7860
555676
280527
740149
289093
159526
277714
71770
985218
247038
236503
751703
615543
112517
-14703
65336
137771
40694
565695
955950
700796
874197
130555
961466
731455
200746
576744
257708
210245
892187
372355
378955
458339
134833
829441
195908
616816
459771
780733
-80902
391193
165831
587309
912396
530542
603927
900792
70360
458888
383089
497
447095
78176
595287
437641
406716
-31251
-79691
40545
22882
14136
143522
726750
31798
467666
88671
880527
659391
88239
-15092
811193
206714
134528
399676
545747
328450
148655
450341
913627
119051
365127
156929
328952
264364
710103
490478
718954
-40619
443818
329648
38500
-57758
81337
178724
-98363
778682
-26278
913926
748992
500532
595544
17743
347729
431863
991516
898593
252205
-20701
469466
257467
123863
459340
659245
223933
30284
174815
-4318
676684
329645
215640
858489
512694
944979
660425
416887
303087
690318
459164
-20336
832141
661233
720070
7570
191758
556803
9729
973852
113536
692404
564957
817993
166016
259028
942177
229554
556873
391807
161765
890195
274854
360743
802552
209205
380424
936072
546087
549872
848424
490579
96950
444446
153123
438931
339464
188107
301603
203225
229252
480696
183921
883133
476224
303481
864518
8658
919072
582544
437782
983889
442434
482832
275334
919920
602177
-92107
986099
389869
547508
864861
427401
-60741
469858
205694
793438
652879
406117
734168
187126
-46788
772772
-69834
279186
492659
907252
319050
-47845
625774
337792
463836
880646
239946
305279
911038
491182
471768
861121
255774
798584
685276
361651
664579
680389
858667
329821
801211
755979
338859
936914
-34993
796046
103718
140326
218096
13913
377711
-74354
953655
27091
622246
122388
597300
692753
382837
918778
-35149
700737
583737
131477
58112
514564
336702
-9753
754157
128309
907790
73224
690196
585451
246040
693441
697440
295568
143995
2436
63195
533281
419314
-67714
551249
443383
147283
92187
795062
337233
211083
781936
972773
733444
280692
-82601
738960
521096
314267
721149
150233
-33512
505538
248131
950830
547064
709693
129267
824377
707765
632541
885657
901960
36205
175786
298227
875183
590881
837315
953984
334898
227257
715848
990035
165589
214168
405660
94480
771258
763446
711271
314596
-2445
785873
662860
453093
-22469
742484
91995
589697
19856
675852
134000
895886
659110
240383
150661
337248
344985
73570
727956
754581
402780
129794
233605
340554
132806
954020
244439
209394
266514
83433
505346
999765
193161
143706
601594
569396
467010
289937
452777
372343
71874
570673
256347
970715
-63048
866518
841232
622015
196832
55620
603416
779580
643148
427964
546773
629007
945940
164063
89494
558479
606696
482538
739001
235112
-90138
634743
691968
710392
274240
639329
18877
672094
54817
933922
673279
595160
87873
657023
250107
267234
508094
223792
363009
340888
834565
128674
84678
597445
279363
644257
567925
478019
827430
647756
321417
544212
881029
752169
602957
300552
-35202
137312
29808
458836
492962
585971
670837
954850
466874
906072
436220
719928
927447
666477
59689
217224
337377
967113
338564
87421
103651
437727
930172
906665
878705
521160
934345
793095
290997
99010
303446
141523
467921
780620
182710
848429
702949
-75173
754689
752545
339972
907580
371873
592370
3277
871523
277770
252833
112270
887237
885436
-6740
-51776
316980
196899
385530
744823
466281
720458
425919
785330
481145
725796
751158
308643
28886
812578
794896
217047
268365
878804
-44643
650045
170201
-48154
291852
-45346
820426
949749
393390
794422
259449
894478
470476
255002
566206
32622
590527
-74503
-50222
318555
301325
782269
620751
450512
395190
681752
32993
386354
2704
422497
613877
369138
896370
481446
91037
-59763
882778
588176
829853
567602
907284
975312
551795
-39345
173488
944555
726523
934361
110667
563609
891002
511111
561306
393853
641448
39135
929750
371001
764990
830364
949514
731140
365213
229515
256406
175598
362447
863475
685783
555648
983034
590594
533201
542845
518787
985650
255748
607886
911996
-56299
-2227
825282
128688
258317
135460
372247
583781
993023
617145
504982
-53598
889022
429695
293920
113454
200087
435730
434484
309704
513773
913267
246243
338144
65908
384690
106373
783512
984385
758726
464512
604766
697101
188016
690083
689658
465625
288312
14980
389224
281227
333376
858508
144048
782757
446859
358138
23953
850981
672415
814658
318217
42186
351733
-84116
854709
701699
606928
214504
565049
844642
303512
102899
318811
339118
53751
98578
-57634
667181
233412
259194
295825
503622
869892
644660
544662
794351
193282
933597
293267
44139
986853
285611
56738
867522
766389
183166
656982
412386
-15756
820685
-99664
395139
350273
743063
29291
42971
13481
289173
239735
339170
399627
310986
411803
47787
809531
268289
985946
682356
685432
786972
945736
263737
931509
76688
421552
-80497
143803
737301
366181
45426
497912
104527
478712
773631
387634
949470
389678
187011
902365
154052
3852
333670
46884
83285
191675
284312
210243
337780
245415
958758
390929
368401
696434
982913
-27896
66104
60664
89083
392154
109794
927911
175521
-96318
292595
180239
30968
478774
608379
195013
100195
488860
248232
599945
725302
123807
923735
559863
959569
709379
121474
678299
-27110
185966
926083
135207
281648
367555
818450
-32505
384606
949154
448124
69192
187225
235887
380580
362143
569802
387921
399062
127229
396316
516423
-47812
945559
824512
675282
-87396
100815
572055
130195
994077
910839
867602
458637
985855
98749
627306
812123
540947
952855
305529
469366
320345
452726
150270
49578
768304
560417
345632
930352
366138
486851
560407
651723
720664
557203
227383
124010
623968
346529
662161
-94540
348302
846352
652837
877782
-26744
-46633
913882
369098
257115
-47926
762749
115301
250500
381594
797455
594245
597000
630419
576937
16273
661117
643283
816596
417354
-3797
-20803
907561
509671
769817
974890
716740
-73696
631425
681741
857141
48737
583473
415624
178414
467382
120821
140812
-2368
973367
995305
-54946
810950
746905
80923
898072
659353
602005
923665
233440
482143
-67370
556314
473620
932146
41369
-40094
986296
719610
408819
944952
42985
736662
509178
368783
838305
359176
279237
332062
648714
543580
896176
829407
545610
782777
308058
-69697
49134
45
840679
517249
868403
688872
-60214
-2955
878778
853696
547317
582556
317492
983383
115719
3982
412086
170581
970253
146247
289482
135970
839988
385821
76549
725854
49214
804961
111084
723283
83205
627924
565663
964328
620491
167154
218770
374391
872452
128755
604268
735615
387694
3531
90171
649249
699211
359640
224802
634414
620697
-17781
490218
706225
979773
182124
840014
581140
298660
388702
391624
-48450
851220
274292
40982
652479
496
304670
169735
-80911
869274
827593
512446
254600
421285
175339
451014
464996
546557
938010
673622
566621
128798
255364
502884
970289
10219
247860
138738
158619
75147
905084
906867
319896
633312
495242
575587
882005
960835
661078
890675
608572
832094
390908
191931
346332
150281
647241
366524
952153
65429
294596
417784
-81194
931504
329612
506981
685882
807728
756475
181012
632805
214500
352562
908678
-44046
443406
874497
-95853
-27104
90004
936450
787458
362212
998773
225640
268547
911038
-97335
-86176
34924
213172
704872
922388
587805
547579
831844
705527
541371
-58398
295794
477753
-23192
661385
314537
429378
572969
741288
582029
-35028
816815
13416
40684
736577
815538
266630
526755
798812
76403
443328
-12621
622954
995689
409764
713947
-1951
633956
631917
297266
5557
714289
543288
734726
836960
489012
846514
551222
557619
668295
248789
268260
343807
886314
742127
862147
924891
803425
214433
812761
920789
185357
36654
979925
998373
698082
691558
241236
794475
152076
562460
445596
-77234
99856
402868
146203
196646
457793
59713
324294
792983
788664
682259
387255
155573
480074
115482
314446
295646
352192
144064
286261
350158
-62532
637106
63612
648809
108794
702138
233769
826509
840190
783107
876733
87987
570359
17609
102773
306494
459735
28388
80764
151067
645492
-98703
643440
904629
279411
674198
472395
188407
531666
-90686
323454
376893
402338
534034
474240
336343
671035
844315
155181
860618
619582
558256
976816
9145
651376
789128
535403
255906
257973
459342
777921
54396
254593
469232
976521
182905
844940
129423
456049
506245
564585
606962
880178
-47704
-98178
-94973
834014
268084
214599
824714
758517
26964
726065
32945
200165
960863
195969
514102
-98100
143991
638263
-28192
942576
912821
-73976
716368
759113
-60692
215986
192220
886931
238317
697485
230950
67595
-88735
548912
979627
659822
791296
976590
581726
149639
-29246
274453
150592
378763
936052
146769
876999
-52707
772936
87351
419626
370594
582839
955977
216731
475472
745056
-52486
795422
893881
607321
189593
350307
118479
534442
488738
249116
420849
-13165
443391
803606
624901
261133
360190
911354
978078
191018
-60044
868876
5515
342923
465364
765902
244629
198754
235368
406484
-97669
132875
323010
313873
-50427
322382
270957
108604
859282
290883
331520
-38002
716809
838846
630032
935615
64736
395013
70571
746800
301195
-31905
508527
286650
709789
557705
350244
803016
624273
129624
304518
391188
650658
151777
81372
882404
799684
282709
785598
909897
497929
859231
177374
799837
879851
-78665
150733
452586
957078
58043
526097
-59503
217327
804028
29037
541689
370462
222999
386700
434599
19887
985387
152651
655547
511567
168388
614768
34729
211085
327429
-23022
995138
534569
-81109
150338
102893
128274
578304
286542
-34768
140655
150522
82759
595008
612589
722325
201573
788656
506951
996922
-46903
655259
203265
821361
627591
347752
117481
-14348
763841
526717
114749
608268
753573
500903
279917
-49386
8935
-73635
715509
319324
602775
768370
665024
816766
444475
557153
735277
116590
734520
787687
353730
480300
648544
321117
892213
235840
-74978
953012
30306
846052
241013
605188
321062
608705
230254
148837
-60740
138238
7366
852417
221126
102219
94090
561313
100401
837084
606864
443767
517814
175609
51133
404770
523666
116649
814991
786776
115431
506990
718895
206678
663165
518453
580955
565383
182979
916828
612038
880733
678559
787750
418202
600819
662807
557390
443816
951930
601372
541081
140722
999673
745193
813770
971649
185363
777226
633808
976906
588196
174153
596555
137654
173934
-50989
595881
705285
937663
781988
503126
875253
963225
11990
124816
339878
319155
386007
807915
153906
705707
180465
48898
248962
98007
747126
-83944
43877
334642
945484
92461
176161
111933
888485
597846
419283
473734
534108
999420
789576
354644
836894
218366
559738
584547
-94537
538028
177032
602911
418841
-86675
-74506
813003
383372
-51218
313266
665911
191143
640841
979606
402831
-44179
200879
499429
630843
165800
874946
181694
932776
385090
248822
627231
-96311
723359
-40870
720957
415339
282727
534767
56884
533346
-29392
713853
290498
-23200
-90227
541696
68534
220988
374306
70930
605023
227438
89507
630297
748872
6425
-57884
657219
411558
74816
603078
770275
337665
142851
428790
177860
380136
526742
757151
904021
783319
696009
761960
390249
311786
-55357
-95308
539419
151677
373448
-12829
36872
893838
140282
244873
297522
208445
700736
307399
781518
403159
607905
577871
11326
444393
-60114
-30111
758462
502886
736961
394360
205667
930672
60581
911522
608704
470825
292869
985599
271810
92338
39359
141136
167573
22495
726894
132543
747977
159654
184169
852049
623747
444919
55694
936442
740127
619493
838862
595362
989238
156866
958312
783249
813894
738276
237681
-99779
652709
768975
723863
856372
622121
-47182
-80297
985718
204303
588481
907086
936304
869337
-18161
748394
503916
709464
592604
-56134
-68557
994218
154016
-73596
363226
309672
707245
481338
935810
440192
591776
66762
682487
278501
-85833
559192
958663
435406
424755
54267
418958
719585
180107
337126
510516
555363
69251
399475
852547
379203
630642
607240
21413
270991
684295
715020
679903
108404
369019
539270
-44704
970657
516642
959958
335055
628176
560758
834569
614045
30046
611247
631634
-67332
860072
-1999
887726
132926
57249
360173
-42231
784052
725489
99442
352002
508713
999643
431162
537547
969260
318974
89630
954085
726242
849430
613639
50411
476865
802116
465268
53027
853503
96714
457959
390945
334894
7166
917911
472540
706540
203059
240235
-13839
232047
994438
147043
721624
-27825
-86443
834562
230190
222888
538912
-23350
-1541
874685
11752
116400
545213
510355
-75407
257537
870466
910451
1861
151992
295342
932850
-27816
402900
890392
792771
717308
590723
-68596
451073
706012
602104
887205
792499
105403
170560
97796
-3163
121058
89951
728045
-79828
41364
462344
818263
852501
365217
485966
5104
364307
47145
640826
63167
498647
463479
242214
373282
742313
795447
886951
-53437
907312
754352
542618
888472
765022
947699
270662
549639
115997
578555
499460
647658
164265
124164
-32248
934446
945676
696444
451980
79011
-66492
556002
993831
149851
-74401
884432
322762
630583
354174
27906
959163
310108
452659
295965
486161
-36449
175651
705586
536544
43490
857983
512782
17269
-5503
-92780
133995
355602
290431
299682
775195
38017
934073
320661
47862
972387
7645
560094
343869
564027
121705
375137
461208
-52023
748942
108891
224124
707730
611219
93262
83827
83068
717764
577143
960697
57719
425185
924970
443948
808847
375640
988150
588284
609131
888860
809260
216358
620775
376674
-60371
-34060
948221
518154
424287
660050
294095
865201
737032
40772
656410
248931
629582
607241
937165
65550
-81814
268930
472817
636241
396211
861772
422272
578114
674605
648840
991610
287069
140715
922761
575361
467013
804661
551440
543200
533019
747315
774515
279590
129129
548026
836224
797119
-12174
493409
111168
611524
554386
41086
635169
793670
-88418
178353
433812
947146
-25208
400100
627042
200693
420192
76685
133280
136073
211278
235926
924753
511021
945799
838815
726036
-98108
697776
651018
75391
997086
396735
245426
760334
999161
685560
-37782
406477
420154
308520
987962
169617
554443
729032
651009
135950
953636
457205
121092
215920
-2320
597246
179242
440328
401854
179941
867575
19523
105762
-41638
442660
642417
480086
923051
970672
212345
748231
813026
36319
968190
630363
684093
109807
955200
527697
536505
15668
454963
770730
108577
108600
-69544
-78134
381885
273696
69375
-83957
836696
797732
760666
855573
345849
803775
953365
-86024
687303
906546
223982
810099
42167
875509
126045
658504
238187
924406
780163
64501
291455
685550
182166
462044
471373
569319
69839
968943
784359
634454
124152
-87557
957307
937660
270046
403831
-90057
236006
502724
836584
432853
576645
93472
815523
744730
363895
794656
29987
181033
372385
867728
890264
845359
383028
420101
49595
892061
849750
503126
30028
577855
738865
667670
77771
320318
460852
374217
27262
23776
478735
502023
218166
741000
231408
583899
524233
390863
115413
960544
244979
912385
259104
935181
515493
218886
886890
290610
496918
949828
568222
-11719
750354
78237
93541
828399
19761
267633
710708
909838
177033
818423
476413
227056
901151
2084
836062
970752
246597
465331
945045
211596
332896
936322
-57599
811767
329586
146602
588466
619982
786573
873762
529894
185117
871973
610865
77988
768458
43410
383424
726704
515555
693541
586516
208755
980396
48082
80973
191261
114951
427457
50262
828142
186689
595297
723447
930027
499274
787225
812197
633121
789096
69081
241027
479618
-59893
267120
404154
145738
565662
29582
857576
556835
461265
863157
429640
353601
-11083
606928
810644
988156
751004
754838
258197
-47529
742256
983986
19359
934431
852096
766730
-96505
832616
565522
597233
119464
383648
993415
726513
868194
373757
230305
673730
650427
477723
63803
-28166
34353
615946
269026
955190
839187
-26965
559436
363666
214862
-28665
-90881
212486
-62751
89508
19824
-70646
559193
611850
310257
83435
615852
604542
482628
63751
40219
317521
100818
5585
960134
325508
598437
861862
845050
721283
-63809
389328
715520
159542
785248
593530
981924
602790
261107
20217
68803
-66634
-63216
121065
464209
219483
896530
247082
-19638
148535
108048
675877
118397
125190
698903
838868
812865
-30294
490242
344143
159596
978868
190115
-37969
119459
512322
817718
410507
191616
707299
450437
315576
479189
64971
-27467
258273
295263
243421
552679
680349
515206
668014
854687
827088
43802
946202
873591
922341
476318
993182
128153
893708
421509
848563
778082
404456
47104
631729
681310
-71187
174728
560705
479107
88205
277520
334746
173309
-87963
682667
784044
169578
671176
-58972
533115
-85743
500896
849185
896496
850653
835797
321395
305030
856144
-77166
494672
938284
537503
356172
915875
747559
86806
763910
433544
327327
413575
472819
338587
71580
686406
213598
9866
699789
278099
569813
-94740
817815
-78228
-97460
367318
992487
920602
507705
-96941
424025
-95726
246401
324561
573580
105630
-79674
-68145
398794
-75824
-26540
357112
255968
746018
951480
382458
804901
408213
589655
261878
581826
719224
520774
63827
211031
721828
-59652
425172
-97067
17044
860481
871567
132617
256826
3783
-96307
641631
575166
122247
665881
624802
68323
774013
798560
731327
42783
644750
783145
666180
877011
576358
367372
-23454
772756
896077
191922
174970
821583
318008
685995
64611
351531
32248
421383
568309
836464
807398
994031
428688
916137
522947
970208
-92940
702744
161790
977450
315721
79529
559386
434814
312942
-60151
103249
68963
209161
852186
107005
480089
810967
577102
840444
214243
513979
968814
806116
753690
856907
796898
208623
700470
875703
761645
59571
57758
670037
718382
63639
691044
187353
22166
289865
-48917
438465
142967
476034
223491
883616
822861
205335
847875
615782
893020
181458
705186
713215
950476
669710
725581
662914
293798
602516
473108
751408
101131
82221
553623
302143
514780
632088
542206
107381
-94936
860718
77350
254278
354297
610208
37609
795828
-11237
494752
810864
128628
67407
428201
801683
663901
861212
933479
791803
474168
655957
476148
-38431
30731
484956
276342
660679
973092
293063
815768
432749
621352
511180
511420
367659
430947
608324
635426
384506
235933
432060
935967
738122
527942
103588
116374
534612
720173
634332
576168
934399
84478
429012
951405
673791
151143
918610
206396
739743
950410
587324
493547
833161
305685
534619
614683
451116
898230
343078
446469
951444
629096
429537
731819
205867
246995
938586
656484
248900
181533
152641
-13597
693534
430898
875078
322513
134791
-1310
662696
101487
582999
931022
574539
509643
321226
130400
230526
638251
98866
392488
-43085
248406
151431
-17746
969577
713142
-22084
779393
604278
209305
932426
327542
598596
388614
844325
588728
325296
733491
-7195
571616
684454
291608
318708
703090
545577
549520
604008
104930
318742
123098
991176
796707
817734
532744
839216
572685
150574
927790
713148
782542
-92485
361209
820615
904023
274923
525804
317909
711991
871256
963081
-76052
318192
786303
807015
991380
206765
854399
362103
951741
716877
546937
619651
904451
539185
449855
840820
229182
903987
795367
620873
347470
705628
46012
108394
-45976
810479
-97045
636489
639473
