5560
281812
922739
172124
809056
580057
134467
637821
729353
646549
619091
-55473
734067
219724
471807
606247
604407
557511
674551
454060
848392
527151
600114
491313
236923
295893
411365
82280
997060
174017
782030
510713
148009
524398
659174
593565
122151
402019
877202
199910
840016
505902
734713
888719
238598
986881
268085
866902
411543
513759
183788
135666
475982
771961
413803
162113
765157
577604
525598
973246
95946
850771
52490
697748
788045
995748
670870
829785
641763
954295
903124
243619
952013
908380
666107
341638
4025
324041
71020
-89525
-97401
-92446
87973
-87666
-56406
836977
28920
127406
-55222
24304
972465
608879
989180
763698
263677
775381
897490
376626
501853
-75526
498086
610898
285269
39484
791602
894597
-98764
716129
66785
961527
631607
311481
-13520
408513
782772
521218
105492
460510
88876
447717
585482
719609
109221
509494
742258
79923
927930
716209
571973
781504
786890
512281
237390
633329
206106
370044
487954
180414
563332
347379
676750
777336
735557
971523
541235
463137
675225
359745
164264
978957
831533
892158
589588
611859
220794
137678
250671
863905
375740
589327
386454
21926
509296
934765
281764
-61250
25931
22782
606439
961611
397458
-38206
804564
273338
168292
461332
751917
696306
955277
605905
852428
-84535
280600
-95443
203286
887625
-37136
623870
144036
450119
-55423
309716
295251
8984
806364
89466
348818
896032
902603
435976
914683
732144
289901
431603
829310
-31060
297818
362338
599630
378995
874941
839105
344205
979545
55597
848329
83366
648573
-85699
572590
440319
804656
397215
180777
420004
-85938
404519
697944
450172
188243
734182
464682
-72958
704076
844554
289635
848922
816398
192388
399663
528389
393600
293325
947525
287667
417132
847482
913355
755098
636214
-6171
350463
886913
62235
192992
866207
285216
445020
790812
-34718
177154
182743
-35625
503669
767674
321284
569552
971804
470141
537960
321120
638387
956593
898513
243450
682723
614892
-91829
649134
685099
961403
482670
379789
754507
46406
-65621
974382
-98782
905670
667278
975245
190125
81477
295064
287173
833319
623956
195137
75630
538351
320189
286882
710058
699715
856449
-85886
840475
610283
119510
197735
384563
95508
244869
-17975
803239
926007
22614
863514
711445
-84929
186423
116424
809941
328083
691492
162408
129673
-39705
363073
523569
369233
865602
895716
92656
325850
764966
111114
18263
78974
303743
346406
142176
490074
185929
-88137
720833
978146
677638
-38526
983849
671218
400344
786035
296340
633937
164799
700480
84924
490374
999001
770805
969681
668253
566052
654252
8126
188959
567484
455573
632306
863008
740797
141915
301716
74619
112536
89060
-58813
482179
102362
305574
758750
999602
828085
903389
480601
20364
741496
328916
372793
886298
475765
635443
740053
281189
821764
-79818
243964
695203
54591
816633
573983
-25360
964138
153642
708477
493502
744216
731744
703398
847848
405590
367567
-64423
159739
303958
479622
589688
844020
169605
404363
410273
568293
492831
145944
969520
585549
584951
32471
176767
735656
293608
283882
589340
-56027
-22851
266242
494006
20323
667777
511430
242015
20968
16727
483875
454812
821869
47114
72011
231035
125584
593553
-78166
549509
938494
41168
165291
236608
460825
185780
816795
313154
509185
-5679
710993
15034
48176
956580
657550
782595
16260
5294
63285
519491
50407
335214
283869
185924
717755
945715
-65344
643857
810486
125137
784101
689764
837626
847431
175485
400614
578823
-35786
860605
691610
287745
716752
440771
209808
510057
822776
75399
547356
771857
999929
288717
710701
275006
908517
852872
837462
848176
822217
394993
241899
924177
82150
667865
472862
264420
710576
698690
629255
912866
319669
785238
379675
1978
435849
582844
680016
397806
346718
734560
199703
11071
839672
575985
343615
521106
460057
675038
894765
935822
-99984
313394
527630
-80622
83920
390806
518278
107391
797828
87398
716567
886883
299598
427080
18769
801894
-92348
759744
713231
834173
599197
767758
701215
676823
596051
598782
240122
435069
223160
902846
950140
924088
345902
591833
663901
304591
183814
199015
725450
452545
780783
364536
147894
550758
798077
297966
22974
357906
877695
130472
339459
533297
551570
43350
-28629
663016
811451
248743
117287
11749
9135
926287
810767
5819
831861
856021
493240
962413
952595
-26989
-99827
183460
277842
196262
35164
90642
171221
497225
177154
684066
275144
-8888
446378
605037
313975
-8114
245652
766038
730962
322437
564951
838978
743859
-68330
222892
274900
264038
501885
765625
144458
687614
745895
344824
-86998
-23750
-53425
-20774
318241
143110
666487
676395
660226
690416
883462
545484
2924
960893
488011
-85824
399714
2216
345254
46111
11073
739461
181947
895248
745421
58596
971956
-1337
858807
363572
12223
72927
154236
468575
632061
854481
282386
27512
650668
-58283
879245
742335
468490
778291
465820
382543
838885
-9902
460780
568060
400142
383838
28581
510310
981396
184240
668466
736961
318278
-82040
654353
164417
219300
953636
93732
-79234
241319
406097
531865
895833
287046
177618
314931
705635
975264
911778
524234
926714
943809
635796
780091
422381
149032
19071
999453
-85506
811307
407013
845476
74248
132961
170865
984113
-76921
242872
636908
102475
563840
-57009
106620
592881
135182
935894
287694
790229
798488
280117
224818
568758
390790
403671
846426
794056
295070
675931
307495
746210
-65880
369545
748044
148333
-65573
221943
572746
565192
567173
790271
910904
296626
170349
842483
494944
168577
693796
338512
761636
414922
767388
459039
115051
688124
-97940
470062
635672
544854
751363
-60909
714897
866128
967414
5374
8834
180784
-45462
595887
161847
318819
300208
777684
960806
-50172
803032
481215
309978
273684
353836
804469
819776
949643
420919
232721
94547
361285
-79932
371674
375779
741279
547157
350159
632953
678367
-11278
164667
741559
62754
857691
425009
660652
278211
698074
181149
943507
-97615
544968
846088
766593
480862
620841
173245
479811
834588
805628
952736
41010
-18847
420301
36691
946178
831222
138426
607631
292790
287875
927626
-67024
76138
541255
803891
444932
332799
-32063
485873
14479
424371
641139
844520
479985
319723
703247
239201
803141
199368
378381
232253
854043
535878
760008
400776
167185
539601
48192
368225
467534
841935
885061
963756
88013
696329
944651
243327
813985
196848
315461
624146
824888
636329
372708
212344
306539
-42744
744659
696053
440144
626837
442020
529596
299725
798770
373915
225385
904232
505156
914642
385077
244354
253347
541715
-50583
-44815
585331
791836
-56913
478477
314339
758639
980556
42263
495830
446798
276899
981076
-40699
127494
755130
210543
836805
105826
126833
293618
908238
70788
920130
866860
32082
662715
996558
834571
232424
856541
993651
111109
41028
37684
839911
344612
551193
835532
691134
202975
810602
-94169
787713
799785
84313
935054
-39609
220328
348278
309088
525094
409114
416070
651898
983416
889624
-70487
825564
864980
615378
328096
369051
853176
336071
-68373
155742
374358
748878
36000
656672
282481
227267
667454
837117
865637
813205
633980
403085
844154
48448
136781
355398
600419
75113
877006
403599
668251
-83122
196879
643512
926938
157406
335856
197520
141339
610000
424484
749408
-64115
818912
456537
991505
452147
-29841
4182
367457
567332
695835
459250
948031
84911
583308
818617
797757
749437
916465
566824
911780
143716
589698
-15413
334940
905336
378886
968742
139739
428754
11071
375430
787965
899748
386034
789827
-34236
559628
109327
566879
7723
704477
935665
-45807
198728
166353
444448
-73554
687920
740501
908410
287016
-93018
115130
593023
844199
512058
800649
382840
-42703
181631
614370
191579
433095
187587
891965
725651
-92491
529396
996743
128663
829092
580765
-41086
15557
-972
554821
53179
560566
934496
496038
629459
322042
784095
173654
929794
741584
461940
559875
672679
198277
776183
91315
195085
250925
-14237
684411
273399
170661
-80477
-94772
31504
-54070
363575
-28861
376998
140556
581591
-47324
-37445
266856
629861
718416
701790
480739
218861
282291
-27279
625881
538664
827112
667310
-67664
218433
-22023
164183
854369
-24469
361582
-47241
130048
959132
856049
736123
4866
678550
545685
628177
480494
146257
315317
840479
539603
791036
723745
57250
705777
271163
826413
565384
-82165
277165
196419
903742
503265
955391
111908
780897
541960
607290
356042
-48965
51936
407612
6042
-37106
493201
535218
466594
311237
477004
499921
113303
252894
634495
56018
408759
874170
491063
-72087
7191
644452
145415
446833
954060
861999
115060
944401
-3325
195001
857760
537023
692475
201541
874279
685542
693929
-32305
696580
189305
62603
543726
116126
575318
886269
715368
200470
846164
725135
603203
930396
153721
10180
-76065
316083
953722
322468
-6082
192546
-96665
629912
286143
113952
84495
471252
600025
285837
395315
371298
670819
66882
811013
628731
190936
1214
959988
589634
-41914
34358
476956
22160
733941
503597
824571
997585
982507
689357
448667
917170
808940
280931
800057
809541
-65554
315523
288321
130153
933923
139768
-6030
72782
176532
766460
81615
-13680
127085
529350
75817
166120
729691
355348
493208
870585
722184
148328
429885
452009
-47963
455612
242819
153631
-36745
535417
224659
951609
77711
268161
998053
656417
670399
380358
534528
615138
804154
184153
33600
702928
180657
651574
951880
562467
-12551
788923
314288
903872
112234
725136
-87276
260375
461155
161758
191821
975247
762521
232340
951786
784222
916554
776254
888376
430186
937692
980823
709116
-49543
-92819
889443
544015
273047
677431
-67341
228290
312494
970527
685570
-36840
602174
327701
974541
966076
-81609
245829
731205
817783
860365
65088
387970
-92377
953085
454673
483689
966915
43649
742884
802474
267593
573595
660873
94648
570378
741328
301513
380620
-55589
764159
36578
986704
335470
827829
137582
338615
281435
499636
-27896
188329
446276
327720
856706
-39011
256578
546165
636873
372398
756801
277497
912190
602627
106163
-86002
166546
696321
675130
769592
380401
245135
105452
182464
574443
325035
501739
380113
352453
632091
318040
772015
35150
802159
607082
714051
594806
197658
531246
35812
229430
-60243
374221
-37633
190333
87377
720478
696583
816488
716866
41054
966780
938904
690757
762875
228099
224874
805419
977815
888099
431217
901193
65958
415443
526915
730883
699992
971066
218074
83047
112356
416317
712393
847558
378279
640252
499496
-29620
696003
383413
448237
216857
565653
599694
956896
538341
35308
477016
976177
649493
969728
96497
130408
130425
306093
559714
742383
282930
426011
548080
516157
233270
555694
276611
294223
777146
216573
125054
616231
850037
157463
978853
99687
698569
487180
156666
-73498
418037
822046
284183
541837
-2271
588057
558631
-41021
74893
761080
15600
659760
906663
-19643
-7094
465750
9339
344449
658551
-47513
534662
224080
449522
127594
752919
429096
831977
497464
59869
819700
60396
870598
557661
379877
533905
105102
479308
-56247
813093
-84617
240233
732497
970333
-83461
886206
164049
2233
331663
403364
-30757
833641
-62726
842682
669876
370772
100199
-80401
965788
230413
752821
574349
849423
163980
725842
176316
429695
403444
-7532
851627
821725
626013
500849
493243
-99191
715002
-21166
110338
894260
868234
45617
763898
481511
418031
730938
597487
137523
860384
151773
568296
605354
389335
-46353
999750
878932
623638
291575
427248
826407
326295
416039
631126
226116
514543
691881
230298
513427
12851
351755
715392
903599
527804
873367
504581
396462
509792
217003
670068
798552
124572
501143
-59797
295658
797125
395453
949472
507936
967785
752298
384245
789718
409088
-63133
87356
651715
742884
27367
-80097
220100
742761
167034
168992
703283
264728
307584
140383
757959
895077
382041
-50172
455108
217198
734774
378843
374335
-35811
779057
890703
553834
264003
622051
436586
549519
-86598
-51063
151853
893174
122597
-7580
271860
457658
814385
258900
837888
394730
824266
470278
814878
879240
-2504
66236
371077
422715
94795
599253
152318
530635
963557
554029
697187
630360
161257
97406
883550
623820
536973
538790
684688
862182
876050
436289
889589
577453
113699
352901
65484
724267
993417
226697
100540
329417
143575
124724
706998
290877
714530
107608
117449
708570
105723
50224
787477
902435
397187
719918
544456
632663
178008
497877
662486
562107
543387
965567
31566
377286
617330
526276
787054
-4506
333131
685953
619408
228122
566026
464011
800142
245766
699111
941602
335800
890471
372038
695433
296676
-16950
447799
588665
62579
500147
968608
300143
107298
76785
469644
694564
246666
-87025
847259
293978
206741
766839
665454
715554
958159
184241
358911
632511
14803
283246
814654
-87933
657855
671219
273777
209869
601125
214460
694442
650447
939352
795565
441465
-14231
577927
931886
277908
953310
744739
281364
603097
802611
-185
184022
359153
414309
15845
293147
432088
157144
287562
768239
-42599
922381
538546
689087
445137
752758
584403
575263
308604
733429
560332
952822
752979
-64873
501741
-38329
380074
895374
480063
311186
817152
388649
334712
497904
793433
878225
937020
706748
53410
702936
706670
596431
660415
319197
356593
19702
500984
241513
21589
200926
736025
579509
518054
143589
620928
549315
234502
432818
272766
407988
367872
620222
697296
163435
406624
773288
548172
840029
415010
-91695
499290
23392
180889
581964
707668
857332
828983
-89211
570193
190045
723920
350007
101110
792511
310597
681083
592059
428663
-40697
583581
-3705
160932
196466
984765
601011
455
85119
480801
-24035
462917
504869
595467
-78472
278730
193200
914968
935555
-20332
236124
72435
243574
983740
765029
135273
47572
896913
899144
74965
5833
967010
357006
155081
281673
267765
559767
794376
726012
-49416
427311
379759
-17659
619368
618041
535581
129948
563232
476116
-12496
570506
507666
-26807
332921
211478
126132
12345
802387
589495
920632
80313
197102
-49709
455484
237600
326412
345498
14349
27115
949263
4139
714123
570281
375920
852967
473270
680668
145999
849880
386898
145782
259290
-48562
411377
227742
501354
313548
-43924
865507
497635
242643
-22446
884817
786042
-25230
291063
693523
920170
611010
194420
490365
839439
382493
748256
327418
-34804
136702
445721
462944
677718
138295
86143
722915
-93506
273527
707995
907345
833188
71512
244630
95124
678323
443348
751515
991399
165815
622243
246541
418073
451317
436209
925316
910049
150442
989100
629548
927301
172163
713439
591609
-66125
-9707
885717
530960
217321
578389
530357
760872
36159
526669
751509
620093
55359
974357
509305
347999
286189
245646
42233
562380
573588
672611
539549
223146
74450
16257
810121
-79437
486673
621534
779913
364996
468243
733917
16847
884779
368259
-18798
459722
5342
315715
312791
319789
435880
875108
-93616
326736
554370
-86023
58248
427814
942994
337762
17707
687620
499062
44051
704216
918635
807170
725632
846253
-48107
527632
607422
936511
521482
608233
406407
837838
258442
309818
16688
508175
537558
260798
905119
744675
112605
343665
357173
235136
534732
565086
29376
882142
994372
523983
862250
840402
694200
65879
-86990
316328
145933
845803
217854
282664
715481
-97611
422423
110737
47379
19655
659778
847120
272526
525880
-75317
815748
3664
588362
188673
363694
928725
353265
913666
458284
-84837
486878
675970
714596
374845
970303
140368
-57971
518728
410067
111588
999414
841151
849271
451493
-6816
344146
239274
545367
-18330
755739
547842
345764
274114
425807
290501
371981
-41510
446611
732371
745520
739700
32370
86650
-3893
596250
108677
563494
999836
372004
854577
424193
944522
148181
19926
-20182
423932
587970
811174
198855
162279
817709
185496
250231
532388
433080
880327
398921
881750
588761
321286
797109
592283
579202
124482
950987
937652
294109
779632
589511
235861
762422
833841
235654
120671
-98552
933073
676
541173
147460
504222
689178
170107
836784
483116
353573
770247
683380
939259
389136
-7706
189394
750751
531004
133480
757423
675299
887455
604579
480444
175988
-43479
318973
762232
190164
85084
500274
602367
-2876
553120
71738
145413
824788
460254
193274
159946
939054
657564
903266
867140
-11687
814943
672553
473426
720331
750274
977784
-49775
346833
789264
-29378
731965
215423
639998
-11765
778088
260655
446261
138444
709265
315046
769854
990622
747342
26041
694261
563241
44605
801717
564391
497009
171986
410337
222368
690569
844474
160769
105662
7954
383230
955299
-43538
985290
221124
494056
478419
430998
68013
215458
921022
406150
651614
228012
430811
238328
365916
174450
-15059
416599
171870
837594
960081
513686
726934
361524
917461
702951
271745
902584
58777
593192
318989
872281
817509
592804
654595
289076
896124
102752
-74211
823811
232177
963451
917967
21091
453617
297051
931021
85678
67231
187641
405520
407900
227100
341988
889812
375372
635001
238626
294743
659421
270657
888351
810134
54024
412528
773948
288959
-77509
-78160
564447
765305
881532
137357
903644
320614
456443
565661
671384
359799
595993
835264
630505
635322
766190
808826
924313
800781
216246
842574
12993
701787
772853
-29729
6899
976181
249354
744733
237906
569207
889251
36908
478171
282166
-56443
431847
72429
432870
298237
849523
629646
120351
603122
374074
253902
-55934
38454
-56848
-16946
363803
368395
457157
873901
110664
207990
186565
949244
-65257
628933
324904
180171
229649
189644
286411
-46223
929266
431268
821953
708875
521989
716222
-85775
399401
609973
708527
721612
39872
-47218
112282
-19675
21225
789030
972262
533566
81379
348298
532805
913522
290095
212598
600147
581271
860503
913886
176277
979233
-79747
319103
409892
254816
221519
293554
654528
-70659
627757
-25964
812669
474743
458606
948397
160377
563503
-87864
670478
787475
133103
264422
-37772
600306
751426
646026
105823
797237
137840
478566
-22562
-9915
715140
149555
795312
15069
441242
129337
779779
-46702
901306
574785
18022
109821
-34092
828199
396374
701419
649110
240242
242238
250403
241404
833198
555760
-98170
180318
576393
587536
979538
275623
192542
885736
143838
682284
676161
688617
593043
357424
368323
931909
863079
-52791
399397
371732
-67225
101664
273128
562299
-185
71279
422766
745721
187368
449399
994397
147504
189642
336471
727242
5284
278625
656877
708813
41728
93518
637932
181338
38501
447834
551436
576559
838166
669384
-98463
-68342
342488
-9608
461058
830357
590730
373339
501165
920179
331715
454945
130958
757350
550939
834693
756312
777433
217001
448025
906472
180627
773126
960957
617043
245032
-81761
155046
371831
122132
553498
991252
956181
-43457
700577
379118
210386
269799
805873
-78706
252511
913774
37690
762036
-17643
181778
42762
665580
232644
808047
-89229
719634
728878
530643
72438
961509
977372
820114
945830
533135
306616
539614
382571
192354
42320
383426
374108
938673
135997
207759
742566
619234
870378
557587
565553
613528
563115
159593
77663
484686
115295
763032
409811
273219
-35689
890538
508614
739150
222304
419635
729638
395036
49003
934870
840809
593046
27652
201912
534149
814882
381830
754977
246436
338350
665275
-9827
61631
796076
604062
109787
729233
129883
656676
-33174
110623
482197
903507
677472
387381
203152
435699
231324
131364
283884
372271
351751
601864
485989
324586
62490
792394
539709
236592
185358
648492
663084
652933
566325
380875
-78680
708469
850952
-13562
148023
766142
136687
547017
37137
630864
324128
471894
-62100
308332
932529
461900
79407
45788
899470
300173
727445
967272
-68312
846295
604255
812773
-51719
276452
411104
655241
272154
607668
728012
780101
756602
-69728
856614
429313
66270
355092
641967
602955
-46354
622365
663188
276636
290016
711765
826620
378927
874322
373586
-25125
423067
72206
334168
455315
532410
237819
748575
953974
539212
528160
553485
106474
16872
926046
393616
290983
254244
943030
-43756
84106
906226
199804
95319
368691
273366
744940
651441
585096
339395
480695
440378
325436
60000
696921
666195
-74238
766435
-22067
990516
186293
417110
618480
465144
102915
569782
219097
766495
-84768
610140
960380
657655
905781
248344
10177
311291
679265
278762
146824
817962
160960
814490
838091
683502
578764
982040
2358
493103
62019
788201
685383
689406
736265
234388
736757
159638
553945
934526
111870
734340
801934
740894
462811
781477
647939
962502
272931
656150
727232
795037
179518
923110
911057
772361
555897
39867
184859
124496
352701
89424
79465
450686
582712
604373
-35213
573133
274261
462263
629871
885866
-60064
144635
55681
850484
560310
187303
-5251
618141
225116
856087
992458
665806
599819
225782
335950
342964
845957
704318
735120
588504
56516
924394
128760
-20386
879602
603096
509613
766073
588535
-91745
470865
762396
917589
684128
364336
415390
628777
363870
130351
287586
355177
621256
618762
399760
264716
272798
110555
-10265
990051
348347
314404
357111
819353
714969
700248
792256
851101
382736
-61579
261628
-11451
-70405
738879
889820
80797
191381
308103
540905
274035
959078
265332
49398
105406
383423
68686
171023
905097
110701
289820
64773
-92712
294462
-49603
504552
493423
857722
769928
417026
80281
339005
247950
751799
508000
474554
871687
998952
666253
431966
974962
94486
445542
-71303
570615
84830
815716
229138
634621
916831
34743
888034
40521
559184
364797
555862
929388
565458
524087
732073
607432
393984
401191
202277
640665
980771
492759
17072
839836
126295
546672
-40843
930261
70240
667836
378548
547609
442434
667819
929929
991948
-95047
469058
426085
480636
987123
808681
311033
492980
380833
937427
135712
217423
123082
280199
985784
143174
604147
179945
591258
874884
573517
-25606
157868
941544
528522
905408
601373
987122
782179
485941
366972
558123
300711
544359
440900
-29134
316156
791719
-58456
441467
-89157
774068
817401
474050
170574
884127
445740
944012
243877
534895
808156
29868
174553
58862
731679
588375
-38507
550413
88297
944369
521978
804629
960346
81376
392385
705961
127284
495557
973963
540285
-95100
767304
68925
810867
819990
188954
430485
357251
772517
-54216
591013
631648
715012
251211
535527
45093
200906
550361
935187
159103
-64603
349667
266246
182046
880043
692349
119961
326985
923115
731589
877225
351595
986404
886762
392362
551667
-84351
594980
376961
977246
794391
306379
-86405
832506
401730
155072
-7890
-69088
537414
-54054
822054
722892
488148
852671
222862
-28562
412827
687213
-66620
63276
344227
-51574
705362
522096
131429
-90074
-55245
632787
693683
147341
797745
757826
149263
858317
568550
413376
631969
105777
431838
742820
46265
748154
887518
764530
407029
330528
447362
708502
881563
34209
628584
194263
581497
-60661
551756
440349
891160
-80654
465609
515305
157387
92896
450720
463198
43367
337103
-68259
582092
454979
663591
432048
556544
242291
668399
28766
839886
635669
742712
-36868
453875
56151
948734
625712
929769
-73101
523963
705940
116787
-59096
623476
489267
557049
461571
731711
-2499
352536
773938
389806
931086
-12276
-6656
917854
720692
972866
145242
339995
252078
134842
96843
33049
343926
263385
790795
269325
651560
660631
-33131
364889
649134
685578
556178
704660
38789
31953
70597
895011
98047
807556
387556
545791
311773
862434
134133
331444
79046
587644
-81246
727540
976832
889624
423222
691608
797471
519371
-20723
967043
488796
863221
294711
83103
152195
797003
955594
926374
374158
212072
260466
63277
912291
-33017
200313
-91628
971971
71000
914158
592341
233364
618496
345990
820922
843579
798141
251614
577126
390656
32289
656180
-51836
12262
375829
18045
828110
37550
14054
386437
69378
-51385
924729
170633
722485
974767
-46282
903904
703910
950356
592255
535666
371509
654560
811222
-65932
998967
907059
439760
998727
71108
740712
510304
842645
123667
5180
86647
-74327
344337
70236
916397
714660
950200
445767
-16268
350159
328894
229913
168376
38429
792852
228525
320883
888622
295269
158410
808768
46312
861656
620172
387734
21434
231475
802810
902496
746683
284905
418374
18921
518510
966095
512124
402083
12043
784861
359357
852557
-76241
819001
-14760
2818
-55692
220466
338636
688774
191726
548769
922612
675041
817698
694364
218769
476899
194362
795821
269920
362244
430145
882160
-14201
190270
118948
657196
14739
44711
846158
851293
774870
874658
914869
123281
-98486
196645
810483
878659
879393
231818
17541
19943
187575
-94162
358168
792504
382299
341484
176449
215689
654861
875181
-18005
443402
880614
70020
661830
257341
117576
-39766
403033
67238
-79304
560852
235945
797492
591371
127678
651089
896706
-77476
825503
-64913
626573
704523
106253
247750
497062
947572
-49337
272189
2438
998160
414344
979608
491319
-81490
595118
142036
232474
799345
81714
175965
349308
697140
611725
606332
356227
386403
937404
557832
673946
660412
426271
308903
990858
102541
232016
178893
902084
-4732
761428
663587
479931
986617
940585
928207
534154
876250
157268
258655
224413
113895
349601
396449
7784
577234
276271
880524
29116
908731
75718
527164
189886
13063
622606
962415
816952
397394
279131
162125
950897
-9309
282302
140791
340325
841914
880509
-44065
279936
-64056
353208
664756
946284
347303
403439
121071
35359
562026
634501
997415
331697
679340
-4680
-5549
356764
21692
701173
774533
-38322
646209
187399
903854
596607
-17541
564640
817198
523555
34680
302098
309602
38163
489092
547044
251530
131749
910057
529336
778910
451158
595598
147177
375665
498477
840274
628041
224754
750021
658282
732018
115065
175880
372865
998309
915774
668957
313407
884880
777514
385828
258060
825389
488664
120601
74591
433045
378194
457530
80773
-41713
755805
369685
325195
71031
835183
967160
522860
-51910
482806
568497
948868
413302
-36371
410270
-32767
788974
166719
239794
881484
-32388
243219
765818
661283
646462
-13631
670398
447521
988486
742835
-63430
343326
540921
202454
982772
681210
673046
235260
832050
845636
736017
69264
905507
919259
262354
239716
-68287
860657
333372
-49574
474495
334731
498870
978242
586988
973883
651270
434651
944074
495547
873144
535823
562293
420730
548554
948789
39880
961838
457473
878784
800869
209486
695036
763871
454134
-58662
-26593
879232
258497
719344
619401
340510
739170
131648
457349
95817
539331
320271
462354
484919
221795
838782
614327
754684
441890
709315
120104
-82233
538005
294463
893171
946410
583095
841294
62946
142712
764204
279887
255919
589527
926723
833628
599834
636056
572750
875811
427804
804457
778782
651188
537511
750070
446315
425425
749596
496585
788411
160784
475869
444601
543134
260774
-25815
716561
45978
524832
733946
855542
190811
578709
41339
984913
749822
905356
195219
980824
915127
845236
776407
96064
174062
588655
471263
-43000
-59586
386458
-27586
71557
663285
448555
605069
564350
74745
289941
344403
799619
415878
165439
818842
332075
541852
606863
799894
325121
918052
509337
652585
569497
157957
292372
140426
383669
988158
944706
48841
338333
107789
604169
611843
918836
966973
381611
594388
186034
274832
221053
-11757
975583
86066
344991
195433
850230
-30774
463153
325382
653091
812894
305464
858534
798529
-83787
610378
176272
742548
759730
204986
572984
644923
663732
972147
564538
612740
193370
344253
277724
372156
7963
397317
844343
821272
583109
879805
40090
180162
338267
286049
730379
916087
201509
823672
651695
507481
-26585
822958
422913
887754
682133
131663
295969
596268
593212
359668
441050
770192
795669
387459
380824
-87677
614082
-84297
499806
578643
778663
109818
-1077
68399
392229
624850
324945
465433
77458
16954
249283
24996
273707
805322
177886
240850
657135
738593
856518
-79278
439822
-45884
817381
581347
726866
-31739
861011
-60007
827243
704711
108358
586723
380850
46041
350415
170929
106807
751230
685342
251687
14321
356744
647850
19248
615754
139946
-807
284430
302325
305635
575155
266449
490764
112507
988727
-41439
381099
275412
880452
356458
922614
765157
880109
-6895
942494
201477
847738
650132
324618
948589
693739
-16185
490926
241947
-20241
960707
604239
20868
575099
702061
410117
173057
750740
227937
148151
903015
417352
889539
822216
275261
-65306
925640
549424
20122
711057
279069
479427
559452
610231
647627
278965
960158
583796
514957
610417
175515
591339
-28212
646619
710308
33205
650100
833375
-8253
98346
808780
640149
164794
619177
930481
184176
675283
332914
531475
967597
949467
906811
100065
800140
871547
566620
298337
135390
576747
976521
819509
774293
67324
683870
428715
934203
894134
563190
699829
991414
-7768
630203
797374
263962
430186
585293
153898
124678
670953
664597
991046
362970
-25921
231901
-27823
480009
756230
699331
497769
91125
-18609
52362
509237
346236
440640
275019
763277
584839
-36375
187245
707032
217545
932128
569418
265120
74403
644270
252149
98304
224414
-7066
309565
285917
654919
724913
579071
846393
676012
144577
990277
-30658
-94566
776724
690283
672449
838828
624001
565706
806584
-70341
387602
579597
511989
-7965
628978
125652
648269
116373
67781
630489
728191
316695
676711
171584
65591
616929
468689
883056
917135
-96347
864406
880032
961877
106800
622338
911502
703698
-34675
-19420
343781
237204
654619
343057
930839
459277
-77834
636064
602538
809503
271007
24137
382883
712254
705338
405971
871500
217999
446347
705849
306849
278860
387499
606676
95667
932838
863892
-66020
12061
470125
271857
441458
107862
28446
813895
317166
166787
469460
104229
317597
444567
222311
952964
497609
377176
15683
652906
968308
968376
27273
-9366
140589
547534
519487
898084
311134
998136
595564
613506
50257
789829
231293
-42950
603000
734156
979800
778766
763244
451282
550004
884705
208114
920834
214226
354897
676398
810690
644502
579929
648320
90039
691598
607553
618025
356519
56175
310254
457536
10534
747245
481693
854871
-79017
250598
672990
884573
-13573
681335
44935
260417
855052
686243
240699
67432
99048
563921
946899
18856
764367
754966
201343
322100
203
-30312
447197
969633
999637
151139
867824
754772
605419
559849
737893
695773
253635
240129
689183
183336
217785
511862
227600
826136
541062
156471
112677
615472
70276
798420
985982
321215
947610
-38992
377944
894329
163847
84098
710788
692937
683027
959851
293235
449347
670933
469543
578602
354485
849573
970700
199033
33570
932124
-34548
336569
312477
781345
825582
56862
717615
773584
762845
828128
149466
832506
353261
939285
412007
64498
24268
371592
679292
18994
979978
935980
174952
233693
582479
592580
359028
854591
-69199
385302
912197
589688
87022
646010
643614
582339
393424
644491
707776
182076
691776
-10726
393371
-78451
560254
259460
218731
-25378
312846
857512
-38619
638450
108234
105912
157465
669721
334000
236577
861503
890814
731187
76966
140223
643939
795438
771056
862713
34603
856318
287779
224777
706331
42349
237124
-82796
748324
509314
602462
341212
558481
-42703
649295
163668
493414
47514
127674
692838
973202
712110
210584
346719
964902
851557
973177
-71198
184742
829535
304509
801912
593310
299035
441650
439017
189841
798419
971792
583594
207151
658041
488124
544157
464970
121085
672656
512643
440259
690323
-52729
535905
780597
852065
782826
685243
-45340
-19289
884463
501729
844022
423475
977832
136409
128606
86437
304820
95021
879209
364021
322140
660336
191334
846152
29218
973376
902707
994072
966873
788953
-66946
970355
945312
554929
640592
20514
581859
897040
196375
346938
393007
847653
89673
197423
587405
696382
123237
981554
717346
241068
728375
465244
431542
696082
620488
487522
631561
923822
174346
-39163
796639
686049
374706
395722
803063
68973
675377
737272
56278
75850
978167
234018
930866
993616
820403
14966
309840
313602
111546
408061
933273
725655
624444
-93467
971946
637085
856180
144338
573249
777659
960191
639506
140660
-10742
-87491
11738
27805
60884
800881
212953
-7258
508725
883726
730898
278290
182613
618625
-99406
290740
853146
996061
-81182
918101
662313
851498
932453
447616
675504
104929
595720
893253
853428
563044
435702
768939
626468
316162
602655
595758
955174
961273
631967
622861
462598
153884
-10718
212138
163043
648534
868990
695538
45643
21920
14402
542247
838334
18249
318417
-84028
122484
83153
38449
574662
275451
965815
319053
50453
129211
487590
392128
922028
440404
507567
138862
973489
172982
974554
873214
770105
70355
180565
828790
402685
577043
288880
800742
351721
492805
474596
616192
944399
283674
-31739
513405
305473
140502
137408
587193
516570
602162
944916
11018
567758
527756
465463
331472
886091
807598
478814
160916
347061
26819
55132
566510
-69332
895806
444140
403843
334515
398962
809012
376639
115470
-19605
484555
841742
952347
209720
772227
487285
197700
14439
-39943
443880
619347
170144
868416
247084
354972
40566
362041
156826
764480
283699
534257
952332
622604
789854
466851
164732
414865
262850
931842
451483
634006
972255
524869
368675
540989
995381
973818
178578
210243
866527
633978
838666
359412
198170
789723
851684
-65859
262775
602302
835868
986592
944906
-78855
219193
243771
-21465
281169
373225
67944
247754
-5577
597192
32334
966430
465414
-90707
237901
284189
593223
415303
859286
678147
191618
595312
350775
187929
432696
98151
664787
519939
550866
340258
155400
753981
609580
139934
483159
946343
248677
277112
235839
260646
989993
26320
200064
-40308
643317
950342
-1805
322088
148931
645227
733405
562109
643365
343058
686001
609807
577417
215507
702704
979972
989662
724388
387965
284089
964284
159121
879351
899645
110136
150380
293398
631113
831009
100056
919044
-773
57020
-51886
638961
388641
754127
264398
-25177
635559
634640
911577
996518
-25752
618016
824856
474133
224289
579417
400356
746002
709147
821162
-87864
152674
638843
702572
864257
504686
477894
344854
690034
789689
829106
749001
952273
119828
957075
259902
931819
2229
232057
823700
894971
-86479
395351
710945
780211
381050
436663
727758
893264
991444
14320
-61066
249128
639067
-9446
267018
265345
48650
682508
363954
625894
427556
625134
505159
389799
-54364
519024
836102
20479
679373
508808
778599
491801
248514
594679
105421
987554
961324
775845
420970
894764
709868
843926
809580
226373
242143
219858
666400
602535
46704
186729
414031
573327
283766
-82282
685560
-5249
323764
110980
957683
395813
589338
829652
250846
753129
171669
106637
-76728
214464
198548
768140
656179
186622
798730
806427
522174
943550
-26890
380488
115672
642255
551933
919601
968443
338108
-5429
881409
182878
295047
716007
810172
249158
496028
176160
668050
27886
329440
436055
81805
805131
134217
285765
438311
776678
656299
534457
328226
163448
973507
330834
374865
549025
534715
634988
736374
81012
646897
404300
992606
517639
943227
885851
438491
904170
635594
651788
659603
713853
391539
71464
847251
613834
102074
-96165
105074
727085
-51069
860348
-46371
571357
968264
234509
727469
874280
990776
161646
337825
649769
793898
641246
211461
-540
172474
391065
405754
550885
453410
164816
374587
160798
312477
369473
127082
751793
254008
259449
984894
759032
913889
-31637
674153
349017
875908
175597
588865
-87533
780162
-38907
562893
647708
-26858
879093
313789
109680
595787
537458
21880
966493
759951
440571
122982
379438
949551
265747
193197
466560
787931
912446
-18107
70302
803900
902255
152408
30052
622026
792549
129421
505764
256451
381182
10971
-98222
404919
651972
273564
303620
20076
126008
766151
679499
-59691
191054
17398
170916
867677
333173
64448
56796
866470
202020
940304
587502
795867
456757
628773
542793
-2011
38412
398359
832102
256163
739969
-16203
788549
327614
652851
900425
888902
351844
175351
562714
801453
767405
372535
562008
718190
991986
304110
212637
104540
688574
514527
32148
-86196
136951
845900
301244
265823
577902
77766
758881
299917
79030
445224
822921
682110
231696
471469
788445
102301
60111
494026
83155
320837
-88197
502387
817290
864337
547773
-1980
251620
816938
847191
772010
796676
-49261
433025
249283
169903
796797
603303
368767
898382
843522
671412
7454
52306
535456
321355
383544
717406
263787
650995
580865
288376
546741
899924
917044
556120
157470
406269
658725
-30297
376674
-95460
444217
416908
674964
92732
509783
738386
691910
591453
952385
-47300
949964
751997
-64624
-60801
935775
538469
45613
121135
554012
215116
12075
114038
630264
493015
935456
977769
291891
179965
813368
772588
977037
8826
881892
500920
-19961
255866
46456
921191
625990
480933
318448
233113
194968
204406
880898
318734
530562
613684
586350
825472
273811
886551
345478
-22994
568930
973231
446232
437188
691836
485815
554537
863473
968686
314868
259589
594890
487546
722919
78806
296140
234433
534084
-93671
595521
967790
116957
522100
745494
295692
776922
589453
656640
704986
26370
321901
398616
575054
725821
855666
190406
665983
377254
162932
576709
558451
574897
-61185
977393
961763
20383
242067
992373
439517
320039
299156
19340
-62237
671628
419923
900899
940360
293352
107165
894742
992838
582398
608941
940298
903192
31137
-39248
158550
-4480
786061
705569
863251
464114
735308
532814
695454
348687
241572
738377
-78953
282665
799927
872716
756414
259080
312795
846007
870649
674605
32352
320458
571076
-6703
776776
139089
319274
-5527
-24561
138549
703575
632597
60752
534789
255791
-30209
38093
961363
154864
116345
720951
52193
54664
939806
568038
-60971
686655
963191
299536
220321
368306
166478
-43015
833069
761617
902756
375991
165006
179467
-73613
112265
778840
699616
652180
690679
521959
39186
164543
205274
-14090
984008
254750
323017
615153
293507
420464
959651
514291
917902
61107
-74635
-26074
382370
722269
454813
988241
397250
564932
789536
194281
280358
928297
230856
681844
711568
686478
329675
98835
241866
147050
219515
792552
234743
4302
401496
296042
157217
625649
422687
208934
801998
-95425
802341
22454
726133
263982
424831
775704
174861
468455
293483
117332
566511
34113
670794
956003
55167
197214
745035
191547
792886
423516
340818
249291
374938
808320
328445
752766
585695
888307
131617
302329
974155
421760
441989
110893
-66024
156552
-77319
936946
743743
213182
567737
427403
320814
-25016
78535
459591
268828
7857
-74916
941868
692182
855015
38709
618762
334885
757400
503902
986606
386811
317924
494801
988922
953603
577123
966956
532198
453133
-27036
397654
57517
528955
-64898
3452
895090
659980
934875
110478
-36530
134759
744448
139004
381727
19345
516502
117413
-39017
805817
736273
64304
925708
508416
622490
525047
994656
158462
586807
119757
104790
371753
700199
232256
612790
887460
137945
922969
623473
562856
680351
390859
371873
502579
941246
707264
572009
528136
632764
313015
761597
375230
45458
596574
414448
686856
849908
300228
710861
148255
51151
864464
572644
306552
481626
269317
708027
962117
183791
442986
-91984
560858
844238
783869
574926
-70940
57039
313496
163979
771497
392913
76684
408876
991497
733000
355806
892236
173538
168069
537311
62875
419279
888911
463335
-30428
682511
-10592
406967
936602
65527
645194
573585
932764
210809
89835
504692
104971
92719
209839
939535
502350
63422
137661
775637
61680
834358
943442
56587
463969
731044
279793
139056
318986
966527
797391
312316
600382
817607
773286
588469
57230
151981
212066
295958
991442
52139
613676
263737
774237
923147
289522
535327
-33396
-40127
498369
230296
225766
706969
830627
438299
822279
394004
782139
784106
370204
126541
157015
-3834
185506
-88460
40520
577590
453133
173243
289854
970609
145167
294965
362322
