3450
112240
7800
832414
967498
646641
646259
858696
860456
255195
568867
70850
496591
853934
112357
676393
720827
864812
846642
570797
374454
74558
541258
436410
250360
831093
177719
229847
-23876
106308
192100
5569
122546
853374
838838
-96637
404686
778020
880893
513792
70473
90522
498070
883771
628388
18411
382580
669389
328060
602232
285893
363626
564618
860352
921137
779854
225200
121406
299123
345425
-7642
87130
941783
807378
765693
810427
782655
381039
225783
70356
158744
493215
73740
284432
410249
336094
382646
551157
327267
681133
421112
969137
497329
816508
601530
973953
385614
781238
838550
722736
869035
779846
62558
398231
159989
210787
496622
670027
870365
457048
402963
382105
705997
53910
995089
136326
595739
221308
777364
986156
527272
305715
901351
786228
935525
628148
933792
628175
691272
815909
400001
544533
742638
459785
6377
-44586
292009
927443
817599
733452
22620
349103
75202
-80879
974403
313547
519376
939558
-68319
448714
551757
918596
683993
919600
46708
961629
719696
383880
381342
46490
908225
15765
772177
-41247
688700
111124
-43066
750583
698643
-15474
683563
214772
487952
488020
856513
67996
881980
455626
166140
449573
690268
82206
-35454
118662
385415
-2395
618237
30625
344123
77978
804803
795505
25244
-74301
124954
96864
644901
-43818
-94981
261963
500100
644311
484913
506388
852496
212221
133415
388677
771525
23197
344221
41996
-5500
-79197
-62107
980983
64914
644016
769177
662656
33211
46298
12759
142428
148989
33048
975864
244970
-12186
62890
73278
830522
80591
-36598
24838
733264
827670
115358
313880
985443
914
78503
108475
24866
254254
752928
264808
332123
325546
42253
997381
599708
402565
197521
37138
457858
67427
-55332
-4591
237972
226835
670438
-11150
-74601
375762
882909
-90696
302663
699132
425710
89573
394293
-54934
360998
994832
689200
810841
746883
272873
673800
426145
929308
3615
11322
332702
257736
709742
271681
661141
606474
834717
524185
363760
754605
313710
673306
840036
-1531
505775
622826
320132
783820
521694
393546
773024
449680
851732
649682
807475
579846
713252
321560
157532
645327
692627
960346
-47849
80849
31398
-53370
-32511
-45311
97329
860476
714342
19672
181444
784433
181441
678624
534814
776843
280307
873328
803062
218381
837324
610785
642349
895962
793858
423243
960134
390206
541342
673783
818649
992724
423316
787563
279566
992401
937197
797541
989085
715920
23392
437496
837355
389699
774924
772638
34622
532290
538379
41342
-66876
522333
-8326
322461
331937
892497
38811
654111
601160
176527
-74926
988074
859437
176028
694504
457904
37396
527815
699591
789324
209392
95900
579664
933675
-237
800541
783925
73566
671555
395953
94780
470340
748458
326272
41461
342246
383046
357622
390473
-55247
565677
121508
703924
896386
145790
182498
141084
641051
854147
379821
758795
748575
-53732
629301
671617
57281
106860
54477
768281
581498
930729
317046
289565
565131
890811
479402
383215
811280
20575
817903
292874
514311
-50087
950828
363777
525942
866700
575675
734723
737928
122813
850518
-94184
307517
145861
681766
111333
412520
565140
863812
199076
280908
85240
297435
189195
714949
624312
783803
-89450
17377
289843
194738
685780
853018
474802
808347
673821
136723
51830
93730
417943
458256
203684
768106
765693
975258
527479
132484
974482
77852
977097
490711
373879
714144
491271
185355
293030
37381
947558
333947
657790
49454
146754
915306
55098
152339
842954
686008
953539
726733
449121
705753
-17535
153762
93311
653862
417294
112557
629162
451117
23971
258239
817099
143026
908922
255713
-75399
516091
942131
646656
439608
153219
685020
281545
467977
648479
342976
221331
572614
347749
378743
715238
828305
51963
26194
2635
996323
145457
979716
946687
944289
140397
458932
946364
870889
96205
709629
87476
-62032
-50786
-48916
219619
337947
173382
563463
642990
136142
-76393
693961
370604
236573
392728
328884
306841
400719
294508
118626
889428
477041
908823
315530
410872
-12300
671600
848581
914286
671216
835345
603113
97602
314981
60597
737105
393379
526493
846593
147835
262439
10535
237306
786022
-27152
302401
105365
-33398
449214
-69094
-95592
569042
749236
33722
343710
492579
-7399
372515
702374
679352
353928
981322
558442
126404
557343
748000
780945
638625
-83831
11466
882666
164319
550352
534239
933473
293929
60273
159517
821191
514799
-94710
318646
131508
767711
802713
374808
516031
658049
110435
740806
663395
367048
504827
631848
77300
83619
394553
108446
87321
769801
271752
979103
864926
840406
-20803
-79377
600121
791421
30886
785661
-94268
144113
769254
437757
873707
543944
296064
-40576
442532
40806
762603
802623
61864
661057
405648
229223
602991
746667
554449
451003
965085
-8479
911045
-32553
230988
-76749
968968
626662
805473
292520
25357
471012
15748
48201
598589
738492
456189
529531
699716
476787
472192
871665
54129
980275
48324
45890
943198
969826
436854
188262
718138
727216
407827
627953
-62960
880523
7974
934657
801724
867730
507699
548239
161555
579125
122633
521961
148538
180330
428457
965252
510013
328312
823772
129849
-32719
280267
682643
-91816
458171
176608
-24404
242559
308987
23885
47260
826342
76571
836165
975966
870167
326929
566318
944378
413877
880273
742765
626802
514884
344854
481844
683632
7578
917756
-16361
-45308
893363
100885
842479
808919
595266
307040
70589
633328
483762
646500
529158
688046
42193
110217
5693
151219
874820
141171
998689
475749
719829
-4828
525914
31021
153642
58008
547762
153653
74157
322598
559966
721945
324510
133482
35084
709186
591135
471967
607173
-36010
-74372
469888
425302
878780
234347
915159
513918
7471
-44672
947238
887881
963288
888092
997298
743644
144484
325869
53911
366825
981900
595294
276163
-25499
225198
333263
440452
435772
171588
-81260
695172
437596
159885
762394
-93270
221158
656311
163807
887802
-64303
982524
852115
831676
78690
457690
349038
983307
363997
953857
491703
527242
535408
819561
378101
892439
533139
376997
-49580
536002
390683
67719
649945
-75859
296210
776547
7599
199013
158129
335953
733802
710967
327195
-9379
799981
899365
-17595
35148
183508
492087
538448
706784
852121
-52456
31246
208199
349522
640963
609139
254595
279685
369873
966884
949568
648582
321775
583749
393944
344151
194226
850139
-25815
198558
495021
889665
219511
120113
509513
231822
755621
514052
723621
179958
769461
91275
720920
-88440
577674
510334
900373
388681
-25462
635635
399729
982206
84230
501113
759164
264640
471879
443513
373819
522447
431369
34504
382746
-96088
754029
48013
953789
-28525
482824
751102
663558
26635
541769
882941
891017
168644
556868
804152
855739
878227
573422
376025
721327
815484
-55651
805803
693647
269509
925538
-45712
109348
487298
27627
-91005
732695
-97113
405282
491230
-16695
273867
730829
692677
854970
865993
848774
474479
373340
730162
332281
361236
359153
44828
507780
751383
65520
907749
703285
-90485
87076
439269
845978
279148
714040
991755
-37132
-83083
630380
212406
681846
77766
719588
733199
307464
825311
689454
32600
703256
101527
546333
-65080
406778
830572
296727
636038
-26343
-95875
963205
321015
242589
691430
882333
142925
581123
406662
442706
142698
772448
4647
836063
407760
566909
903427
83175
692187
822688
179350
322114
967861
259548
862870
639634
259856
597403
396522
962328
543135
632247
611505
192650
859690
-98623
443573
218483
788752
877352
297780
101462
37918
906348
10636
677033
143209
36133
440677
361641
917659
776679
787156
651840
882922
571054
303060
248056
212964
552405
28481
-82913
483966
786746
69912
12175
814280
-59736
576898
5762
551332
281032
-3002
-67500
518428
-90317
593474
803697
710530
117171
781494
911201
90986
-53629
765744
638603
756034
742992
947875
28565
22074
300340
-28926
314706
4037
360359
210063
543585
296285
755389
183587
452129
675803
377398
713897
207937
361488
30456
100842
178932
60109
608556
75429
616684
854375
940127
-71890
841867
277504
292999
495527
90163
40981
545134
605803
989234
551421
264612
850743
448884
954192
616584
824555
35005
54086
948035
65615
876485
141627
514101
582379
502800
946970
747973
110968
492524
-5246
65841
207774
457866
853138
708492
79131
666018
545538
702408
449388
964619
124722
934460
481573
891266
18025
313650
298927
786565
470806
-79737
795266
277602
873011
-46115
765954
533639
787860
107510
833295
352904
520110
941669
992249
291234
714868
898862
181950
269894
52135
179011
23188
11992
766100
274946
770958
-18347
248301
586850
772488
126660
60464
129218
823122
72864
216661
756267
488211
898660
648042
234629
635712
305508
245633
199637
85786
247950
566280
157184
45256
761425
744235
782129
156125
804748
950777
152186
700962
273021
939565
356021
79093
781949
232263
548672
-72173
528142
679698
956282
250944
-66886
842410
517691
410303
478091
416481
438198
-48512
260551
579507
415409
648019
975002
293635
674590
756038
552947
837164
434963
789871
138130
743435
733271
258737
139487
-7256
616668
258743
563458
472242
818168
36418
538286
130801
491181
741431
609487
946357
52244
33599
288483
336439
952777
351608
640900
69229
766898
538928
323351
900632
436689
39555
145701
359416
748100
76146
160048
358581
-37633
79354
486878
656542
361134
761096
457749
490602
503900
566764
405991
708993
701897
134779
80492
668416
881306
745690
966519
354586
26287
733121
923048
931725
565231
364845
-3882
-97062
804909
246713
532218
697940
224037
414388
104130
857567
156357
595907
640667
518436
297801
-78554
350812
611213
230199
384555
165982
786554
631072
-36198
629071
307095
53122
208029
627417
545980
832242
559584
54653
322267
302127
401941
351183
714004
-61187
142552
572835
316165
380847
297701
542831
746433
275312
990558
549441
914409
442404
749935
246565
614563
364475
766896
129380
357996
270603
757104
102384
540750
466516
779586
402473
850295
683999
960605
487255
318700
894438
609047
196227
-92439
240543
-54844
-26511
765864
116125
-65477
618878
593967
405305
893564
402874
-20077
725415
-23585
90371
899625
520897
699570
452522
218990
-26314
709416
171489
124401
549398
348459
622131
761157
313404
106072
503166
-76472
858474
350805
252504
213797
245237
33387
832290
347866
315883
484602
974885
414854
590926
22227
707574
781663
921603
-26891
428889
876381
370938
-91258
660563
131335
857449
917356
279595
598478
43855
552784
438169
115419
145619
473819
223862
859800
203942
951365
962959
-78475
176979
-26407
905112
987943
592213
182486
991094
784462
590361
879776
-55937
588305
466535
342906
316280
50079
258975
598889
810372
934325
266953
509477
312662
572813
269471
429337
855515
623927
828462
803545
420798
399380
-88377
821136
404202
680450
506942
977514
621379
419994
978142
403625
672165
208455
363884
919050
703988
903571
19255
870813
-44499
98214
939159
628395
254270
-82406
609555
513138
379154
680667
257123
847843
413636
397044
477606
434996
156397
528871
947146
711438
622157
-63315
995012
754160
708126
404990
961107
901319
344125
569690
21096
702929
6485
280186
328788
891252
754615
161820
514095
735562
19835
322757
452965
203473
109316
301823
661112
-42418
684808
416030
967734
840646
393005
560305
187261
411847
624193
-88108
532701
330726
352408
-97023
-91278
304584
962000
143153
60248
641016
302846
895440
-12694
571807
317232
46731
245721
894748
359404
942476
751135
516529
668291
122764
295226
75694
843260
119246
-17042
407486
781474
661937
429876
650076
982311
406150
505621
983867
247455
103197
945525
229327
726516
903490
381281
704407
612503
-95100
927626
454950
106212
971036
320819
79013
32533
691068
641548
624834
730176
730211
688190
118420
-70912
961808
283634
274254
930698
-27009
164585
405552
311223
530656
986285
161755
618952
506533
868557
973793
909319
374267
854103
576858
584016
330866
310415
204029
392191
-835
919439
686413
779979
613105
502072
689221
842015
700736
207220
305152
42832
626861
462820
26766
861455
861524
353204
468483
307052
998827
935863
813679
695618
239580
-12590
73857
-1174
-7779
159404
232611
2436
80194
596336
-47121
702765
258611
-13613
24823
335527
260933
312545
-64224
293416
-63989
816835
559814
756198
752795
109766
94446
338505
444091
326746
776850
155790
-36805
791992
419460
541722
-14750
125244
360348
150048
5589
-78469
859752
680223
554608
410490
825174
210358
405683
444709
174982
260415
562992
358367
626269
-64439
230747
513121
531324
716265
432968
449468
903219
920392
457237
682617
893507
407225
540390
120931
974875
59276
408875
423473
317447
35651
318509
629229
75465
962156
-71447
181045
585576
501771
385877
380022
92862
489559
889826
779965
274650
432524
759839
935028
904105
654829
398987
812468
47812
958681
112130
778894
594774
435392
158209
970444
148190
64143
-41490
27646
291550
93184
137656
632687
9869
30817
515641
352525
-39947
302974
560387
-1486
645287
281415
27168
156333
-26138
394893
793890
451488
852728
387840
239936
665369
327648
121831
50433
947683
115605
453699
780148
516230
529675
675775
886754
684493
399370
681874
-68388
336921
296868
43414
196657
146824
888161
504050
544718
924673
-14354
346069
649576
66084
673423
735405
46859
480211
782056
727057
835921
691030
164892
463442
451960
693057
80959
-79756
609068
197570
418004
495708
919658
780847
4071
84870
733066
788016
651225
319796
450815
825997
348824
404085
823270
367666
-11249
28893
721781
-18523
403175
690197
956995
96361
406483
979694
667334
741490
-14939
192719
280299
454267
878179
102419
141675
995186
57102
573301
626490
230152
-43871
690605
471562
334179
804601
662964
151228
-14090
654778
781191
891730
12566
112814
915395
261672
506474
201329
133944
8313
612910
746127
78103
926204
805251
825313
322122
753427
238244
171276
894768
218493
467824
532276
171636
933819
607677
52078
701751
417649
26579
472456
862569
347799
825995
807721
369458
-85190
223122
484231
605242
533143
686400
34190
697026
186809
-2152
-42030
595635
-51478
578275
523824
754279
622126
900828
618287
850262
959660
897583
738882
642213
107721
-20988
159837
629271
-27741
839858
785024
431611
307245
397089
820158
72775
803510
772422
327867
622125
487500
455989
797490
875917
280659
113973
218143
453362
-26934
318174
478653
-29674
261452
835499
965158
105440
275170
-59896
654670
617557
772795
772283
360513
728673
251180
397456
798417
151370
-8366
674765
-66182
705639
523487
393237
818703
54508
546889
616036
307303
82662
-2979
210092
369221
-78523
887643
500339
113586
894212
357950
273293
-50754
997012
216688
293860
601787
290590
-93695
152992
700997
638677
334272
-84788
462475
143957
179562
249192
561945
447718
121398
-86120
854489
749788
979026
963422
178157
-78043
199034
903135
-50396
491523
781262
730358
654408
617767
707751
927301
996588
483145
154970
336570
471047
753180
-18494
96589
790918
131659
180213
510823
245648
774497
646625
810884
588836
66021
105460
-93747
577656
831410
-57848
359238
954089
316068
237870
344777
-95329
995839
906657
332168
357819
86358
400721
-57594
445376
762723
740021
908190
999291
476617
-42775
999894
821240
727569
187820
196690
198922
365836
740455
457963
147355
568503
362590
175469
660368
758582
937397
841631
467720
-71288
776327
228800
540312
592426
523386
313611
680478
-59132
916693
539587
758787
64687
77197
971186
511279
251340
774564
170357
865397
899319
312725
57261
-4616
92953
850617
485523
144235
445830
-93511
764050
413072
-99404
754933
148030
-28326
47881
693779
772160
104771
97787
417454
111829
815003
265538
212614
119585
813472
573866
680570
604973
596842
448803
272327
192747
427783
216181
452587
162191
919573
755493
674776
894181
510518
872568
450464
186298
861712
665229
560908
623022
378760
764745
413364
99371
972172
806388
671284
824088
-38182
448380
620384
148040
390028
237085
287444
483799
978461
873404
633076
198021
981279
185962
932953
438915
628405
121554
267741
967885
505343
958063
151573
59773
924499
-35579
556454
960286
258223
439589
684671
-31765
431936
349202
588446
411569
892301
509649
560390
362678
959705
746194
817977
687251
482782
926787
310174
405956
725478
282271
547129
947794
801517
939848
536696
561423
-21640
665284
539389
62245
-68909
856360
542059
468907
972772
125199
-50778
878748
869336
745196
95964
418142
17576
89541
603972
527257
597366
988565
536789
813355
523111
304485
486934
892176
986485
30715
76499
798916
785213
293532
972731
117802
345094
-85567
832136
754043
398579
120037
18132
226781
984833
278908
13081
360281
834155
851951
-65246
897883
448921
492559
338661
367360
765220
419187
437718
933862
282256
879074
-57565
678238
454753
986358
77284
954579
292458
57817
797341
708211
101127
51848
564940
299393
34064
33727
374967
43676
517369
194128
393650
427291
882965
250035
283945
786252
198460
346603
836416
111123
294236
571988
802082
-36007
651660
271078
240010
6538
-31147
962356
370706
782712
444363
325976
824048
521988
619960
701812
838095
835512
-79443
164768
476715
57778
534616
2004
416371
929909
902391
263826
723588
857576
672636
735122
584423
46035
487098
942550
422940
221289
719118
307986
962573
831927
550415
414756
361559
948719
773002
5436
658975
988881
824548
646126
668631
134449
54011
613026
496174
685701
729937
283466
516024
51852
491923
388371
428804
337661
507660
141759
683473
-19708
193157
557116
739303
15630
753823
86690
688438
-28042
75469
-18818
980704
581412
936853
852206
137186
-80269
424697
988999
663090
776395
789370
726471
560523
359308
455580
787833
621190
505305
439471
751353
546932
940761
236744
626620
811995
424318
289250
-43254
178174
798928
82181
855385
307393
876352
979133
928064
-11938
387642
1212
159177
-74858
234759
121824
872065
349789
478305
896275
-43580
345806
190599
740298
574052
661085
529230
279429
461549
434584
873246
109101
632364
570996
398337
921258
-43986
82080
873151
739914
219322
335444
31697
951668
727928
870655
508953
194373
108089
936117
38451
603029
275858
649433
744534
700453
156149
-42953
236019
-1428
750234
-95617
808282
248582
472963
47711
332688
821156
-56070
6829
424077
76462
759152
130924
13974
262242
348511
406181
196203
249211
253589
883279
706262
369368
847542
444198
739427
912667
-67640
-4229
-62992
602590
881636
782191
314323
734072
78401
702044
78280
742290
33716
718960
178593
20885
39695
611201
217293
338950
290640
130786
476182
67658
389771
897182
-14879
70035
634639
294610
918026
202379
828703
456754
794565
658614
962735
993784
518448
-94943
617833
418174
44989
896230
-93281
139237
520423
200114
711337
558521
794302
197872
225911
982366
986419
606416
386722
99550
59802
563249
102209
532782
895632
105551
93917
480101
827288
180792
302657
400777
476139
120459
289108
-93861
734023
770279
685440
554259
193921
807257
784040
977970
549705
629320
563009
231799
630364
467101
422976
-66737
-56188
-46167
252380
874497
530853
566097
977511
456712
528546
956144
718235
147410
688228
602252
315596
924727
273432
861938
999920
165097
838488
319296
10588
775216
249840
986232
509546
140755
946881
737877
307884
944039
222035
619331
-68221
-79346
824124
330746
-5713
668379
717074
126375
-47099
876316
271763
47121
175792
233331
-67531
234506
456145
254589
137247
446215
24204
377334
729338
52816
45467
883400
337392
14423
549912
26160
753841
695129
895928
377084
992190
-30600
639615
274146
988338
649587
522117
49015
250324
395171
482159
989327
721061
-7681
565125
-63322
-1968
569194
8129
435557
470324
535126
160559
403513
-89161
-55810
815352
223948
-37307
885087
484752
520440
705709
390036
263007
336080
303174
351852
913529
466299
994555
689895
126526
695590
926131
411987
329203
482951
118939
788079
-46239
-58326
326578
243426
637271
227342
765493
141982
-74341
702198
643174
765941
116949
557099
-37985
386472
86954
562197
290014
485212
82237
70903
519314
-8633
438282
225878
609041
639966
443012
866556
982217
432304
928335
133970
-44018
979902
844073
192168
74541
43026
479389
724561
-78010
645791
600308
-27807
371397
563633
989427
621941
576981
448594
415225
269329
70450
909379
291569
483889
342430
570536
361543
52239
683349
800771
394573
678484
867215
508454
848307
-43914
610803
378673
114772
441997
821877
-7036
585428
935705
234338
4128
500476
610790
487843
89858
253809
139403
785247
247626
-13561
904680
136852
416340
329135
25604
485125
621132
148942
855097
771716
638782
510297
135063
215506
744573
506593
233487
596917
484191
482153
824286
180672
453276
69207
744943
873941
984901
660348
813355
727429
518654
529271
589648
727301
828871
69704
895498
332771
769516
-1065
822398
71185
141501
825039
-90049
-17519
677406
530617
463109
26270
357032
796453
829746
67010
594955
-16627
360075
114922
304669
309360
271558
687014
282823
570625
930492
429698
504718
-86923
571540
-20189
349009
560279
259295
489233
242794
491735
18247
998013
947348
773639
879899
71167
-2665
762870
699913
-57099
-30687
951634
848847
219555
737163
675569
366719
88821
717841
867240
-82477
608639
944563
565932
-26667
-56913
566638
667776
527870
800630
15235
42375
981360
-28271
881128
990765
627374
362063
433579
416372
734045
611345
830092
806641
456976
300712
111881
677997
952914
498414
660917
390435
993486
131321
138719
401883
354695
209692
153544
75654
989955
966648
681262
886844
447344
460417
715730
494413
894958
173875
916609
239282
-90763
383966
34198
514699
802424
577658
497383
450712
187151
292126
568655
880398
613973
439842
25568
-49308
880395
103731
-56209
787156
991034
-35183
789539
916177
-74233
190056
139382
465306
313311
-93431
352463
115340
607080
-67006
913301
724808
963922
656316
763479
42242
600862
631342
290987
641642
536105
842433
301378
48241
464120
661529
253081
276362
914983
506973
-13751
470507
-21303
524331
768441
-64711
248255
905689
204228
322678
-29367
344308
166627
-97188
882439
612661
703217
268283
269579
-26163
-79213
205924
3832
766863
825205
732158
564400
868680
457209
303365
85180
23614
797305
256514
426241
96621
799856
303797
350499
295870
634521
359031
997324
697725
390728
83927
973696
700485
997466
711581
619400
960712
690728
943063
478706
263518
303197
-56502
211655
325298
355512
73292
490114
-42771
180101
-31634
677673
693313
338697
90444
717395
860746
-4437
898679
431499
12119
442657
365744
494975
383351
829297
356492
288409
619988
773848
879409
985856
948355
49825
645256
825690
763010
-66877
189236
904000
66287
853343
779665
625482
818861
311296
171360
423738
153403
256547
86900
35093
79152
882391
23390
863961
456945
163191
29270
658489
292208
969822
268544
213740
866117
870259
306284
160940
887522
149923
936457
370512
771849
-51684
217687
614141
608118
871483
965563
787234
410499
57134
-4932
796722
914741
78840
-63843
172072
902381
695989
827637
897671
542876
905105
923477
71843
15292
981900
570627
686210
615545
153809
25213
613508
277110
-18180
347078
694591
848792
150072
530511
277021
279958
332634
503435
910912
724638
600185
646715
307780
399756
11832
694546
350088
392745
-82412
183687
264603
156480
668436
106803
-27964
578062
625274
50355
324301
240374
756199
762278
606925
877306
541892
292147
115319
935642
851159
204846
824675
608414
872659
-44631
770557
830948
532291
308428
726825
393448
328640
830693
622920
475887
219494
832671
293066
249730
713155
825535
114368
82946
816137
531059
342359
16554
427849
991254
-16303
231347
516357
740155
420211
572039
700356
823393
-48153
956424
190208
-19675
779494
-20050
544204
80083
659776
852228
524239
486117
-8490
899955
780949
118035
937588
177221
418284
938706
46082
789292
251138
233662
734432
400206
533818
532796
-96048
220753
-72371
609188
461860
551078
446719
696085
430690
91622
805294
139132
-20207
768102
17579
605587
285468
128963
306341
-78174
579682
-20167
-6911
-30508
519596
207852
389422
273271
507619
-1054
800247
343257
-29788
437231
815717
257676
251272
-22610
757307
268917
92390
78459
55048
774869
791229
911554
298565
953721
836346
738022
80403
182114
840683
-36738
-38806
706123
332387
106927
-29319
334714
272254
488295
302755
589938
569138
346229
691420
382509
776735
250835
543088
947087
-7517
731471
621116
806047
768525
754869
177791
634492
86334
428546
743337
-93634
57204
-13121
667610
912379
483372
139456
952474
941581
707336
108547
51079
799162
53157
705359
27729
-11270
696942
609928
12224
831992
684786
96707
952835
215856
325348
703562
553699
