11113
903836
719337
608985
211108
386868
497385
592933
56348
655523
46913
210843
902764
584037
131513
603436
753271
544117
892892
99707
333463
339014
787207
205913
199879
255800
66974
310001
396855
226943
208110
793378
605039
323119
36935
-26418
178712
487711
795474
105173
876824
649453
613060
90120
419516
413590
-5756
561310
-57019
83427
393151
506240
241205
641218
739021
880440
453349
636948
928528
507783
633368
91288
427584
286507
894341
115983
500524
586633
661087
368446
776362
131886
410085
703977
549523
616
160678
450499
120998
183038
734734
922175
280423
939297
705048
598060
109469
955807
401643
-41346
720959
212073
-40089
577507
-80560
-75473
435942
785060
765856
-83651
913015
369350
224328
259430
437624
832380
324818
868798
521515
514306
359143
928917
284296
588056
706664
350360
421136
-48858
-34376
43415
852857
654530
704307
-46700
336139
777749
-39311
729784
212106
181139
-24129
451400
25907
377927
189797
461180
599967
198698
403886
13577
-30663
314364
956416
604506
353873
569329
833115
241630
759000
567398
591685
245103
793559
978615
245185
641173
519795
177994
213162
-38286
426104
491114
48440
943362
851098
964516
807534
548931
932269
584160
774110
279027
384307
297194
43879
37023
832970
992722
605560
206156
350464
252161
139057
-61490
925891
823290
25210
75248
158352
158670
536901
443179
487563
592980
481104
270053
757871
-56416
101581
499742
322010
684404
20446
530992
-90245
657358
300855
569627
389437
626741
557832
550804
83168
92480
652703
-13361
426870
524050
65916
27719
291110
49689
23757
82099
584757
532777
777102
127299
26508
401054
78712
163235
338052
363243
60618
207564
572170
645976
851026
-47513
481881
966943
678975
505572
691930
703150
279175
107937
315525
88308
-13989
950252
555657
5759
773023
696277
128358
281447
655814
479687
52897
410446
592620
831572
357767
880445
453676
814190
374374
328999
363182
688040
403266
390179
197655
-17888
734144
113301
690569
609671
929316
725792
697561
9765
910315
42463
912960
678285
246317
-72381
-12047
179364
482368
-54977
74406
430771
-95276
752728
88501
834747
-7847
730198
909164
964405
973194
342937
223913
212257
586117
357649
-41849
311441
872230
997805
931072
77757
899530
404329
612931
-25670
497927
-7132
89337
-90718
495449
-31546
301913
-21832
998613
440420
610706
83586
89465
246006
-88775
517497
934524
614365
886985
894742
-43839
810802
561084
187981
168200
-4906
118658
532645
57895
998096
929030
64415
602550
183676
704677
994315
549422
144788
936105
308394
687811
841064
876707
966178
256529
604688
753240
817195
330196
801781
411519
-12830
833364
166054
543857
921714
455746
158791
67166
-50755
89456
197202
33208
732562
221346
364058
300231
217822
501908
884338
327277
869846
906902
37984
973098
449986
773182
489444
990729
969226
125895
710890
120492
201821
671202
828972
-27267
664688
485800
797717
911178
190743
760429
413368
-24498
365884
896435
357360
297942
927703
64491
713017
613288
904925
690127
983828
30053
-45366
784582
102994
985056
686713
197351
317524
160801
78952
912732
922658
621282
413627
174719
947108
636681
154155
719224
418719
127387
858828
394023
-92986
212208
988893
628947
681773
-91305
857531
136417
498575
620753
970263
422820
832289
166036
580479
546010
-22715
904916
408523
-16232
129617
-43066
885674
832201
408482
694596
987213
477006
657498
21254
825589
128393
910332
408784
516923
494312
879492
796663
-95723
701621
242095
136849
951287
708296
179183
-99254
614650
978421
860866
141853
648192
599893
25764
903726
590656
209342
119284
458958
50148
847621
840057
372743
525240
820028
321096
706458
473535
165913
895959
247102
147512
985981
-48515
405291
773785
100810
51627
62546
919100
173105
484103
775599
162966
-24149
5034
965392
479154
832976
220219
88218
666167
-667
150105
760114
275606
763267
218801
375236
33342
691539
-53061
565390
267825
111943
500993
994844
686453
567414
950430
130658
133444
789113
576110
412571
386144
333622
-52210
879060
562237
463667
328320
646763
997852
-73194
29881
992522
856389
645962
370609
991585
388406
958241
314661
310927
271759
479427
598714
285657
601085
997983
391233
998380
-70180
173641
905904
40226
-96733
766013
110838
22127
382165
569852
638082
94869
944122
436498
-8084
651307
571415
932214
60042
412815
432290
405426
115550
905021
794259
246265
1514
891696
39864
733780
34336
736409
798396
763090
560394
731972
313775
645180
29161
637259
434669
205183
870675
935868
920673
941562
622570
249924
572025
689871
155745
620107
776791
657515
875508
74673
767541
440339
570696
723976
424996
-23977
755101
78020
954207
334886
747776
-48765
-45684
123964
779682
-91778
246738
-43576
312538
506667
881023
286166
759958
315424
367939
614080
274634
13152
222125
979869
728573
506177
43215
17626
534797
897642
647074
748181
179833
709157
884866
319851
911655
484477
551945
635749
905994
687835
938698
-71284
816854
628975
836021
148741
659821
759648
688357
495045
904389
158939
244393
316810
80790
226287
478748
951063
440283
969129
395852
608769
18458
615902
185560
191054
985527
183280
311883
391017
565981
-20257
430283
298943
276729
716371
455876
656833
850774
119254
321301
236168
358032
-26305
222585
987663
183900
778104
18675
77182
191898
782070
884073
576015
903830
532940
784124
128795
603183
211371
304824
165715
99327
642256
811025
936932
-87856
-40486
404888
-32370
606096
752352
647561
428489
707987
418362
619049
756618
590260
656767
714511
486424
176648
11464
-83089
-24270
582835
736904
236665
701192
212274
744435
68284
237419
807186
282583
329989
815187
-73982
779723
110597
851491
326784
-45860
175718
911022
810632
510862
927352
187497
21956
477104
670002
150241
92416
642183
173999
546751
-84497
246612
959447
297070
333971
351791
909055
492028
526766
555241
932174
878418
286330
14696
344418
605991
173011
305254
712805
789679
743369
490768
214850
836647
-92203
820072
578936
824547
565464
799130
507472
35208
328592
20034
30185
27124
236611
673050
55455
82341
377020
-52847
907288
836850
81850
710624
976741
-92247
499574
134965
374337
-99666
471659
724259
506366
628608
518969
36846
890724
852156
373519
-92710
375631
876078
741769
195592
99431
759935
391965
439540
195309
199242
726224
810108
65044
26494
-38610
431978
354790
684702
405677
426342
429355
484680
110177
134017
438564
381285
491673
974573
508945
125852
136478
284962
345544
421538
350031
461765
244469
767454
700001
360604
-75274
592006
-33605
185611
769779
224895
-22009
706945
290913
872829
226494
50493
-56670
965167
513086
-36567
278738
317585
956543
898334
842687
334641
429753
484866
613224
-62741
276590
394418
327172
985185
268840
521541
346815
-13990
-19255
160202
583163
454765
-95291
835062
989466
700622
49056
961409
838863
67360
464497
49837
269030
542101
-42951
311500
390603
107998
837330
76200
990306
448483
634602
-6655
536147
659986
53491
961355
189479
863034
229612
790643
691474
17841
795416
284773
168615
566419
641532
936653
248376
-47786
904408
847933
421075
693139
825734
322509
-53853
312122
126184
609951
392021
257933
46626
423944
795870
774922
689484
179547
628264
266203
2924
74520
132294
151072
718531
341629
-34610
291942
97620
800932
230869
-13644
185021
437155
840681
7420
563922
609553
26839
34212
906497
732325
78851
505754
-295
220673
-81123
304510
662124
161840
502441
272379
259265
460302
178662
854813
325109
863099
62773
641523
698803
-26186
744411
701247
529235
-9869
752887
156120
325320
741521
46841
94045
379888
996391
356682
19244
856815
174213
378868
429563
726556
437069
616450
300198
-611
155772
-11012
769856
616386
752705
882714
-34969
665663
-51387
724540
925251
872923
993578
779629
997379
254427
391821
243268
77076
244967
979075
558815
515906
162054
508584
931604
482027
653090
96789
738659
-79413
624958
305411
727969
-2289
493646
-78638
863266
974205
57916
-58561
719342
232373
306193
686968
324251
285234
261422
300720
121476
674481
102571
352901
162723
244114
372404
952230
419779
311907
952401
424490
318308
563400
-29267
290462
157898
543302
289323
863899
-33972
264661
10582
821376
925908
-99488
99916
468720
-65045
231149
945021
333549
931376
432675
24011
114761
541527
309872
661486
951679
-41078
258277
757481
704316
564217
634484
60594
556471
97354
748687
498096
130101
755319
747161
912104
185605
803373
844727
849588
49997
558610
811035
574878
-95936
583757
57845
700264
899508
875606
74042
651289
846893
226107
745087
-49917
633045
916497
995660
96165
46714
17600
23980
988193
354461
856222
-21034
664759
574696
585821
-93946
468565
7052
401205
263131
720149
574997
277974
-74143
407648
909688
776914
-15990
549273
456958
234236
272339
21229
26563
436317
403116
679578
836982
433884
882525
199551
519928
122611
127764
304691
378846
854471
428110
21309
360524
839578
866392
494665
624480
162917
973594
789919
600451
938931
700197
379175
820306
241716
868169
-87583
883202
455262
651378
805527
456404
264221
790429
65166
296079
459513
564474
532127
117662
521933
335537
90457
408554
433807
745370
374113
-76038
373757
542733
954099
708844
590420
860491
146063
547932
633004
338096
286636
76329
402783
113417
243972
393707
343604
933951
778939
659486
973293
938305
310474
541556
609536
820007
523180
605807
-71165
570513
627647
367808
717301
34195
963619
791742
537728
2173
801408
190767
646259
601139
687146
135083
483340
39397
248436
956259
628264
698278
940333
1024
23748
205899
548568
52670
991674
-29472
903011
58607
805568
266256
266721
407522
938565
197510
730296
537599
411027
954227
554604
750812
85180
167619
-28553
634570
968243
658757
-46972
62939
943463
392999
533051
628586
794197
895318
984056
292328
830358
455377
281886
502988
902351
41770
317370
336564
870869
991605
264385
784610
975370
877952
911291
214420
837268
468210
-36802
439231
803393
930204
323888
426562
474542
399717
575958
-53753
227219
572961
52625
528173
285720
408630
708255
-74601
773364
748765
462314
327161
634467
746965
275197
586693
227572
368932
833431
587770
866790
757413
801137
-68767
47341
683704
263338
425662
27607
-98487
599035
482414
850726
956081
663278
916589
644833
549086
573236
914253
-1182
732175
-51177
310461
653418
778387
403393
986178
180048
238311
504577
829258
651220
504063
12035
490720
829021
788424
504652
522005
20052
964072
475588
394504
456837
627749
303906
283748
283657
221603
288713
179356
428033
419300
811145
985553
574524
223084
-37401
140560
523294
521143
288794
760488
30342
-90245
698476
-7456
684847
91283
198532
213847
436349
413659
828881
926169
210437
577885
263520
499883
50445
335699
473578
-10337
22048
452189
334420
809000
344805
984455
154419
887703
478285
929246
286706
876513
657780
941801
974671
267194
762444
557998
987347
479252
752236
990880
948581
947948
805824
409349
495453
497252
268101
785530
845180
479057
446541
623808
6291
567093
607428
252193
987307
162628
862616
230508
387251
972653
-22243
596919
888011
775710
-84553
814436
70861
516356
-53291
469607
-10707
95840
287536
503094
491106
361830
812430
939668
897216
643611
415740
238885
353961
788073
964960
45990
925441
993100
618428
901719
909252
630383
-3471
397011
659853
-69097
413661
941893
32005
260721
418106
718064
-43507
622090
173369
19519
180354
984905
863660
62581
672925
293831
468160
785536
671927
130832
311436
292870
870549
720249
334238
832045
664483
235702
216685
448376
22790
249385
40193
602287
352658
-46661
141140
240148
298621
368980
47438
998317
898394
41246
178467
575182
591993
544335
590195
101197
282799
121983
471108
165472
944250
252760
952710
49782
-42117
453876
712083
920633
730096
542580
368563
707300
406229
799893
537892
634153
391507
464977
190792
649737
-51322
862863
826201
785114
-58368
715090
551460
261874
35275
101948
683616
183929
885687
513624
285730
551234
904369
19485
662593
873076
947158
290931
444772
894975
190390
996272
718044
204268
572747
-55496
423378
976335
425503
969292
873585
755596
875942
88591
730963
570828
844316
18507
317115
766128
173769
755681
336763
39160
375616
62983
70698
617767
866832
484107
317952
697787
124658
72807
160226
987369
199473
379715
643359
9767
204202
538841
819121
264314
217636
130206
-84946
260493
419790
836778
361463
152512
905267
620300
486718
71394
117890
438691
905106
490346
70524
183993
225271
44030
171274
847130
291960
415770
719655
38476
661665
785671
-10305
603032
344607
567490
516002
981187
946200
614289
929392
275921
571756
601283
928066
662408
408424
832622
108272
655974
178511
764320
101404
935905
421484
770661
952996
191186
747038
839321
856677
547484
733996
-7574
446895
658137
680128
903396
516194
436214
795260
283809
-10837
292076
924164
173979
179006
-92586
506193
678177
958584
603643
875834
280591
838856
735874
917923
-71078
704360
996096
790499
994905
254202
316524
272160
15859
787942
603335
-16807
802699
268060
82244
587105
671760
46540
979850
607110
950942
190801
813232
383790
952288
985789
899341
218619
131728
980002
706588
538191
142884
-71406
46122
-25556
543745
620188
732214
85380
319728
113652
380227
254730
882069
121350
44588
664705
466020
923082
-29168
200250
970528
62100
618496
893333
776243
555646
880644
333587
283539
812403
931205
12881
2309
782744
233781
644088
904895
84579
853554
7592
339941
465610
570836
-16236
15907
753134
142058
531094
948279
824919
991598
-61455
162576
-64470
50876
462201
335965
361562
129993
831957
181996
198686
988534
849677
619149
-30727
479920
924240
190977
864791
619808
248385
-83693
-4232
702245
343692
-7624
-888
254301
502498
231573
765960
761520
81686
480192
163877
146942
556357
532756
91079
726004
633747
459716
253810
167134
-38710
327742
139881
408932
444373
507442
217500
-96419
921470
283632
875665
-28460
969381
398505
178537
253165
396965
746360
889996
755483
840450
370348
576114
-20204
428250
617374
496360
337786
105723
561785
631438
354003
-94169
271136
275121
511566
996852
396725
459364
939790
-44791
663516
548360
-56255
599614
486854
949906
544184
244513
664326
-58013
828126
827882
584200
87234
938221
955955
911871
312805
928259
307537
100807
-3220
887346
915088
901779
658031
655832
227563
17352
424669
212479
908690
689956
619832
649842
-59817
313270
265438
660388
455047
675055
306833
967085
295773
961610
460020
543758
934169
6294
-69143
-83769
436773
192320
-24064
215324
-67170
822034
111873
256796
596147
-31144
-45642
516836
520205
375169
936286
184495
645639
437632
164478
936633
22993
297727
-19795
613832
-58965
799604
54004
716086
394239
651638
50085
792629
646566
350137
604091
147502
405144
166893
921447
41240
371239
155572
395845
815735
198049
517226
-34274
236667
-44192
797788
381105
705794
498061
537502
772456
756655
913351
398966
146591
450019
599402
874656
643870
559187
857211
805455
762052
833477
806329
-37260
763199
127630
843543
295537
521668
453640
909145
595731
980422
243159
189414
858940
598340
20637
640826
355450
324753
-22755
193977
68185
578992
510410
5003
238240
569610
647604
708968
201075
528963
249118
-16341
475087
340349
45588
829095
330542
443535
525928
860500
882679
217501
774993
293371
947988
642772
567601
799829
858451
442995
714888
972593
293293
446028
-87371
762002
722896
677359
897481
769044
827485
828710
230013
735719
200344
363483
-86170
380726
746726
670416
904391
974265
191258
49685
350644
801815
901139
196374
160533
713929
995854
176321
382566
295353
842651
60813
298534
967519
760864
177177
312993
-26136
742321
597054
312306
706881
796572
413133
528798
344158
562758
546151
932189
911658
87115
-32519
717079
385316
249805
280791
675945
110950
-15278
598339
416379
999447
493188
212742
-85696
173352
324825
393153
781728
470004
-83057
128274
75207
73801
84613
241347
509414
547002
90160
435521
169397
432159
462717
786500
508799
-7701
356096
827345
620046
390838
478552
-73836
727192
412578
715240
545114
373593
472833
-6105
881094
-13751
922375
280950
120682
700842
631232
143533
528474
981389
796496
519404
57320
246861
-23457
140408
252917
-459
616976
-35883
775883
705647
106671
258570
294608
670181
502050
257822
381607
231486
495175
383067
889615
480957
843444
993012
586668
872217
343986
206200
704875
964313
292421
219679
670753
308706
748261
428544
920633
920627
661659
245370
185201
75719
473051
259933
221921
492798
568855
322786
547612
233080
419384
690043
943215
407253
345648
265646
304285
80844
585758
910982
-38983
937505
314518
591624
814053
738828
218065
613475
429261
172835
459169
353492
271530
94215
-44520
738326
610241
367759
692652
273160
265909
212208
344580
949110
350665
993234
535451
73513
195350
944099
968085
677421
652995
369191
285653
910533
428023
858594
972540
497765
574311
557187
208466
275630
451407
890365
603503
-54463
869461
441747
381249
461446
-72959
128324
604290
581101
872047
160420
873387
324588
559335
565086
907403
337892
101838
865871
687697
67956
191166
819366
373772
-11519
-52379
76149
358356
12120
238231
944127
617752
315259
613769
447006
662904
804007
688219
828306
-38195
760626
351507
837373
496471
62456
205484
-89852
638507
752056
852563
671350
-21503
389101
861185
148517
592598
-99615
982230
701038
765134
158711
625346
987803
413096
-36735
-25086
933181
737162
986328
377521
552069
580926
150410
926630
54183
953034
639173
-38320
424817
481928
9752
876630
812609
330381
-19368
10386
640705
498874
11210
400038
478513
784541
75673
528979
442231
843047
197492
597244
-28748
917663
887019
183393
704284
808008
719250
739239
237472
194981
779673
634486
525914
680976
590000
711902
-44418
51643
166936
796339
42467
-30413
534914
210397
928367
46833
223536
945439
411252
-98757
-59207
173659
992171
920056
585913
338114
605946
96801
372640
152846
314870
672573
239003
642352
972604
836400
244283
452398
-17150
787403
-84225
339070
953523
522866
310627
449990
-67
236118
569669
253758
163161
208145
61371
-49162
83519
390694
397777
634820
772039
704316
835934
977159
485044
416144
197020
76171
428538
374791
270342
166915
88868
442894
725629
721038
696567
234862
941560
-42223
36655
67374
363729
978432
916142
819302
645033
281479
680781
947832
880053
657225
570136
668232
198042
545539
746096
595340
255190
76640
775327
571577
25778
337341
860745
299916
61056
611416
124883
366562
514830
396591
260471
193451
945655
-1200
528253
893148
115739
983610
486274
700072
29715
-84737
731361
834567
384458
500229
486175
363906
-1842
-17176
267958
857903
914581
661967
953678
203043
17308
264861
617648
486861
753777
972570
197312
397451
211926
520081
468584
307775
849748
230662
396785
-11680
512471
572954
638509
735778
761540
585603
610165
933522
390888
739134
125653
730711
275779
290548
193393
123910
252159
84795
737694
164332
284464
392660
603950
579268
853977
201077
966231
857760
422533
859789
544792
192484
414232
909798
86857
135544
-90558
446290
117642
840552
151222
671734
218569
385043
230845
396531
664310
880756
759771
824572
999503
844118
10414
414322
923417
344642
717721
369733
69327
544444
519338
628402
767756
993875
120529
675978
517727
317696
698313
979101
715936
479892
794896
221722
627025
511746
709854
59991
28086
54137
415608
867178
93309
933617
659252
240330
166640
724508
-63698
148707
-97494
171551
307509
669471
828196
617133
79949
358437
945664
666258
628074
981982
74108
485585
957421
548002
-70262
789245
454627
460289
318950
286579
187862
775092
205567
232584
516902
742780
914703
-87050
-55722
-6118
528641
681421
292252
484088
635183
707725
209319
-84651
540310
960105
785829
221498
619772
-6983
528925
929136
585295
451643
636772
668155
882994
225625
39840
513043
520818
-24054
344824
504051
479699
926938
126212
-25577
167851
783169
990928
869664
673952
270004
313259
780789
153540
615868
950138
338047
428107
671202
713081
985239
597321
931356
430830
913502
293304
200958
815675
740984
-83190
379921
671044
871422
997962
65374
384204
-29591
850037
438440
131818
488263
430515
426644
285094
-81264
65086
352614
128339
765836
692609
795336
240469
503452
165830
679484
731412
684546
534236
243058
11382
-9527
272430
856624
878115
823652
817267
335772
904120
55913
750307
378773
2041
772915
679578
938283
976651
423704
426254
404169
642281
349802
998376
497049
649369
415822
619682
893436
206871
132402
743093
838256
-60872
-52655
-98361
431270
482974
821867
403352
650480
143442
48041
431790
321566
284116
563108
838100
-95696
596807
238084
90713
141621
372933
28011
8205
868988
-2655
81517
47382
166929
-45102
-13240
295327
651623
651425
18961
498747
262050
25445
661648
914549
108660
559172
522030
837234
2762
310134
275630
-3723
368895
533158
811709
850839
643514
659086
909385
86600
5823
995446
415865
534589
514340
282853
914574
528614
731781
166772
900454
165667
40788
745302
443406
155340
332808
472223
439117
121247
905375
150467
411841
872294
453642
646073
667211
-94624
616561
996165
505405
698671
312880
879637
723318
659477
364197
940053
672458
679482
581727
863968
186672
446722
838504
270450
285721
255310
-6896
451164
705456
852739
-10979
641515
872600
65284
247172
-78838
-51957
990785
313023
615991
163285
336841
465624
813728
138902
298459
298983
572560
493321
811384
57264
213055
749723
635310
825003
421000
489807
177626
875989
303616
944971
801987
945404
933049
120965
180479
903895
472666
17000
806413
958701
340244
738045
280305
941445
255761
-75676
164108
-9823
768837
336111
2147
396841
-1348
131813
183892
920633
317179
269201
119792
832857
-96081
168076
455651
104532
788729
887102
969773
585059
142977
642615
853130
677076
311327
197665
960806
701875
59106
213900
977709
775844
462879
935521
750374
689199
398191
643348
80747
789932
991023
554518
290387
-48345
263914
672028
854052
303986
190674
698840
931909
481037
307060
665834
986261
737154
-2294
837001
466293
1313
840479
203529
71698
782353
800869
-77437
610013
996254
586115
428309
-78043
272084
340389
48938
3346
99025
933704
91510
262407
946306
185526
101608
671588
184231
391102
938747
300522
48608
306903
880560
453548
79314
174123
587051
466008
98196
57991
876302
967452
251867
511611
497875
117009
537279
925544
-51886
206613
-16931
427215
-71373
-51246
258466
386087
53399
180777
312428
107924
216949
719501
511757
217380
-81470
55847
386438
-99874
352894
-71227
435849
734245
998832
-54273
156325
490207
217534
290938
810034
79397
955709
105767
11881
237321
585597
364602
-54656
37711
728080
-59828
388613
605311
-68279
410598
940572
513392
-80090
995142
-11021
941790
593415
379306
790287
-46159
751339
526254
211152
166553
813147
471802
-2581
762210
629131
-56058
242472
809859
370166
884946
819505
389233
89171
-75940
150608
366419
333528
438358
632562
287209
490011
19167
952247
984830
737088
434013
497773
117836
-85558
589325
263076
926327
-26671
534337
237414
-7881
426692
972559
285976
539512
-66828
284373
79366
340082
751974
-17276
974721
66292
3859
902522
537110
950080
-39539
166131
832633
884536
473784
941567
291194
613172
691045
124651
942425
-24918
852564
561491
381196
540212
-99176
17712
531181
912935
254724
510068
-5164
719426
411726
134774
755999
117467
233115
802191
123235
495916
98522
878982
260581
161804
63649
235133
364598
155459
192927
570431
-58429
-19890
373129
690452
504915
50808
794594
546105
251666
188365
108781
204618
370692
370216
923034
576122
813287
26231
60618
619431
689465
4068
85809
817746
993544
511528
836919
949911
725023
834289
214171
851441
983879
-47691
754019
519664
848820
671776
73293
901411
567653
249497
665645
352466
990500
648118
302707
228707
197751
539843
138839
492846
326240
664601
753658
344448
-36069
146011
690237
974187
774824
301000
118001
468447
641936
369949
35935
784294
201381
332512
250097
876883
372930
820617
372234
290851
185678
474122
553886
758075
657883
697744
408432
623454
171337
481796
68233
356194
324478
230745
247931
316833
853690
-56293
710980
897819
253188
843617
152419
598632
38496
315077
319067
-7382
618545
944552
6952
11931
329199
932635
467855
287372
805075
438272
997627
662583
534157
375871
972614
926354
688920
313610
118693
296680
101067
365042
760440
408669
406180
384569
243085
-14618
390072
763600
735415
-63157
679141
63783
426133
221173
806754
680737
735686
-28278
987893
725345
274086
24072
908324
406840
954324
108794
434044
197265
134196
327123
918193
587912
-35790
167555
305142
644636
638789
797369
282347
485962
288455
786826
882375
382497
751466
71356
822213
67659
974543
-23217
614476
862144
963853
254048
478626
246890
-84083
-12747
350002
766599
337609
276509
554753
935555
736991
98975
208486
243214
815632
887756
-11789
991957
100799
-47276
872580
769456
376413
346304
159682
737838
666283
-81310
436012
807967
515067
236051
805460
739787
759619
627802
618828
229722
104101
187328
-84914
72952
851049
30104
277060
747049
199124
749067
457523
673826
645071
714550
43127
322752
908954
73674
515450
633360
911332
213491
370036
-60568
679573
603216
697094
524022
759083
23900
67579
-32017
571428
342933
313624
642843
282015
439105
690320
598650
318751
581702
214984
777593
339302
856017
271853
576750
528771
626133
774706
249235
858779
-37445
419952
646897
342707
592544
-5038
-16538
792489
375179
26478
337396
535577
381844
406516
681274
730308
14823
61949
451382
202803
974833
647028
-78339
322394
436975
34440
348796
-52181
462631
762450
748250
183849
766513
586308
767666
125558
114533
50896
-10101
397552
-66204
512459
936926
319772
694904
290545
362881
985882
856509
776560
309008
-63741
152133
63682
88467
299279
992749
903692
827644
153913
972098
586516
327355
949893
947077
675665
798524
409355
946450
442620
318832
296643
813618
506443
513648
192567
697032
591960
389171
98399
978417
424744
331469
260390
378193
-64668
642673
508049
565864
591970
371551
52416
803276
796156
273966
154632
174470
410530
146748
187521
-34076
869944
-65225
248166
540523
-15993
508162
207027
494771
919473
759250
355497
781429
-83380
667201
636009
844706
118483
71260
279696
940166
813712
402435
647606
60555
848757
263879
895911
590129
211378
437421
746942
721667
146205
817686
459935
193421
610754
-35680
762451
553770
1670
305438
341249
692196
926539
350139
758908
911105
-45497
274516
-17708
822948
641824
632927
-14300
592800
924508
802703
818406
918009
149810
865044
934149
134533
540174
504601
809464
701599
304316
294935
815019
513333
906879
998000
551618
631428
121459
55095
175942
-35611
548469
-6798
141143
-21591
238730
578500
490102
272213
642226
183283
976991
245746
753789
192305
142231
401195
153569
778502
794622
170350
760394
677992
823186
751671
631942
543684
66326
935877
316249
575027
583787
56453
-91921
673520
753213
560064
882263
849338
59892
807674
606847
177607
327463
814564
287207
914071
510595
939488
-98134
785570
872156
402520
345536
196456
999930
371690
752841
-18398
132521
49513
101218
495204
258547
526672
910211
142737
427733
182679
724023
943347
340020
586715
420608
782580
219204
507518
189309
-83130
397038
-59684
813883
-18188
39475
264169
928057
500221
659041
671276
964193
356161
303630
767480
942955
-61858
530213
456493
607502
798073
99467
875690
688878
-42145
964379
929529
436381
815773
968289
788797
251904
448247
454967
801319
367461
234349
36882
818897
162007
-18297
-41564
271742
101555
904238
558764
255682
801720
567260
372168
815745
560298
289087
551432
736004
31565
401502
708989
503875
70085
615335
94510
330266
431705
486171
682059
226798
236558
96226
-74210
301025
251056
920970
282215
397136
148055
871025
460675
963504
642529
771579
37271
7495
335618
648864
22683
134162
706763
691708
803170
975304
320950
309707
69917
577618
757775
671588
628038
445885
-50432
96245
317857
112478
814617
360370
-34309
862428
419133
271310
672904
693208
595439
560686
33374
849432
401253
3017
824771
-73616
59353
-20512
922838
930204
542723
315067
598973
77346
837526
672077
569288
408509
644080
982352
-27951
661453
666848
863685
131798
314527
205659
889253
989673
483015
775274
669361
739992
576141
178621
170074
277990
735753
29596
249556
530563
308026
991525
235647
535111
983921
165020
691752
739115
258277
539628
588453
869430
67831
728943
599157
182559
999087
-85157
-62556
-41876
967587
81874
16783
739755
986914
863761
483841
99047
-73741
342924
101204
13575
113340
853322
20741
973118
118507
74609
957696
867240
274326
705443
416975
467248
553542
49735
758868
320431
847803
622234
213662
777951
934864
346182
-31671
479219
141058
446409
990414
89082
382208
883606
888527
349240
343112
917658
696731
102573
705591
135417
261303
551447
270218
895996
816254
425163
-377
757592
881145
658177
629005
430232
659342
788873
923565
945677
-7915
658483
819142
241974
924546
639243
933576
513380
790466
-48544
-83606
866579
900725
968149
544301
951075
607828
222708
930048
657778
725672
413772
685352
958549
522175
196657
92231
248833
766401
334426
190468
316849
320055
673098
512736
606527
672342
818837
685981
428719
542455
283225
553561
750651
713973
368662
549736
65531
197485
715200
101491
406818
218522
785246
770553
245352
612197
265256
139816
800400
831899
471456
958252
731332
251611
125011
375636
483297
73777
393678
261821
404098
919172
48481
744146
31497
532957
345483
306945
-55439
-16777
585126
642537
593010
732348
986191
342244
145732
188815
707991
334402
-16239
505473
16743
436510
196663
585382
424587
788906
827343
335687
810809
949579
320891
191541
654363
624643
860216
26811
238217
399934
392099
711437
-64987
125403
736284
58780
479849
582020
759073
-47526
-23427
188671
-24391
799656
576127
38453
796259
-6117
242908
615279
367189
757919
794279
342200
362145
904234
168768
820505
91615
827043
927320
676274
444671
496977
656705
634211
148017
841959
444981
892644
9207
247227
79053
110449
126109
133677
942858
163009
564487
841432
777369
407940
951880
959016
712133
180568
739974
876449
186238
951422
707783
610366
88224
954346
230625
383200
285532
963382
706084
-54112
575805
365589
793676
-36827
981380
914426
776094
693400
595537
85830
105123
365742
230522
596708
673891
275523
662046
12349
878398
148844
58370
871075
492582
210782
355405
910181
456473
57712
819141
560738
177697
785815
-13371
76591
463588
541719
467890
197791
702344
29622
691570
-94835
389854
245936
437432
165805
280917
182342
855355
528061
405626
612321
588327
667201
526000
180541
865689
387971
886129
768873
138834
-77357
474427
941388
929176
853332
346027
480686
125480
226890
381806
194464
784418
788948
95269
263128
73523
852713
157649
234926
-31676
118212
489073
143316
783049
226068
661884
464443
243584
773037
591977
397672
842696
-99699
408891
-44363
933717
-57377
3247
847327
89149
119375
633721
-40562
691156
606414
618575
610010
257171
44114
938789
938324
844808
417818
739005
674075
861188
151851
824188
149304
841682
353901
111468
-68162
9332
583664
387108
347756
485047
402896
661494
424987
172892
-85766
671128
-14634
632546
-93182
766248
715811
668164
342315
866498
414721
401433
383716
309842
857628
729106
504394
849887
450032
481297
564551
459635
326258
352251
651544
413160
521133
551163
565238
594139
415681
171242
470143
522261
911281
-80913
728019
698295
888305
115550
598705
929462
384868
538549
273200
597651
443118
158568
651152
335191
885993
-91256
382770
-32994
76562
296322
-17226
761984
653537
247236
-86104
-66607
-70680
261296
553976
376700
-98840
70444
-31511
533894
388560
244810
-79024
407590
737927
690248
410890
-69745
-42443
921032
632590
622847
56813
822469
960175
985430
702033
882333
242583
708647
655323
812171
722070
-51764
51836
485323
760142
230040
806969
244258
657340
271562
352348
604575
891058
661281
202567
67775
531687
356758
62304
3944
645447
232038
381353
626534
920740
35732
594197
-53102
777212
39597
956570
-47037
629279
413064
644847
359492
981714
271091
962858
893836
489599
643147
141879
611376
-30812
987670
398144
558148
643710
856865
73974
95073
-87755
738292
570293
686081
979335
371266
562620
171217
36569
783060
249905
-30815
350024
-58149
929587
493304
971643
353161
749398
849645
296703
-11469
605942
512072
699586
235468
972106
963385
232293
215661
624671
855050
950878
734230
535036
123138
-49559
946719
892605
569374
794389
21331
206620
595467
874061
405059
407884
852549
-23426
768754
189057
495731
256647
-2966
659060
128944
12181
732560
116971
154412
980420
876127
534040
789253
41239
280927
206720
95426
98036
557833
550177
18299
787366
495816
8451
657350
739495
-35655
-76318
307738
332061
675285
612850
674175
180894
932241
668087
643804
117125
-39662
772145
99626
148260
-37962
-66396
644680
-82521
-24605
701982
85903
980529
169838
385756
482814
488341
797099
739243
-73024
346460
819595
723763
258573
117439
592949
-71167
153445
167706
355651
-3476
198886
610848
71064
-1529
406706
370040
143300
849094
228501
320128
179785
151238
330039
597949
254172
171635
304650
-54177
199776
846210
-96921
602509
680976
632766
-49950
665878
342274
896647
-96289
833771
358148
710165
4083
514824
335212
39567
-92787
417537
795141
901626
710493
465785
306052
490767
230553
565619
327442
612138
583960
796842
150328
976132
397189
136439
449216
781900
457621
133027
176412
836689
51821
373193
406252
970095
860235
737702
178752
154829
342344
270035
419342
308683
307683
78163
149860
548083
538327
-33932
968157
444242
612347
131277
708577
337286
805869
797763
97409
541436
637450
33718
635364
-42362
209771
575648
881280
882238
433159
111365
613410
-44449
68931
605601
625400
916153
186542
903856
589635
87299
560363
960899
927121
626845
99051
432871
9103
419969
512294
906938
146061
700160
837726
439294
370649
957670
286764
90151
999659
679901
-83226
385024
415004
260104
504639
163488
658439
891698
901087
118120
880966
563102
404605
482211
820164
956842
971723
109393
449897
897409
-4376
460831
646970
667165
970828
151735
73540
399403
704679
825835
490690
100717
651175
957549
897586
674208
-90695
319461
769125
-58790
839448
635054
187576
630638
143985
474341
917868
976899
613102
238190
655792
936576
949078
598504
646687
119208
466796
277821
505502
747500
245992
62165
994716
238016
448169
751563
-22361
542234
799060
-1995
976970
597082
146688
562679
594064
608115
533974
199368
953236
940614
537136
57095
927705
691712
670391
209
833883
153701
87557
976557
509446
-91300
273205
274474
-80737
56582
489025
748783
634152
270308
-22011
82401
-95749
417422
420314
98673
945989
833924
932943
583421
413181
97670
601430
156559
379711
256437
359576
681405
333273
112891
18892
-72551
591061
376790
163906
724341
436876
861356
95417
571507
380478
330185
112631
201086
532192
3989
278519
158421
183638
584999
768670
684321
164765
10343
552133
294245
536875
76702
218369
620375
418102
362773
292853
92175
607693
572046
790434
997370
318321
35234
986226
189905
438062
349901
320804
374025
557926
821566
693767
958645
379678
383154
934124
769923
284520
982196
851500
426947
905002
467450
395959
963219
710650
263798
19854
159574
-12285
964253
868461
25309
327570
153760
255532
547959
888661
884564
389447
301057
594298
523099
980980
36633
561762
296784
-11499
412206
801775
66855
367849
-5603
230652
221403
448060
516157
496304
762944
-54455
992870
765773
783926
977535
428185
958110
420365
713997
706173
414003
969614
275491
167737
-61046
993597
707141
870819
818278
192553
100789
80960
638789
773914
944282
54710
394066
-19876
901221
564852
887596
552578
154452
767616
394226
825650
396492
-64680
936753
388088
651580
310565
598216
186075
329048
892455
440298
544120
747703
975691
792963
995606
741791
572043
720514
782945
607882
-71919
-45304
562153
957760
133263
550805
38481
533467
559837
29226
-96263
527118
-58885
109379
957796
553877
468555
219542
55642
640985
598150
127067
-72618
539646
658606
-10955
625435
658553
327205
-76560
178588
39290
166352
867592
280366
645517
670069
121556
834812
867391
202670
93042
567276
722060
590086
712700
107040
505448
718791
436245
605407
452874
725193
947339
101427
600270
324246
671556
944489
-63600
351647
274944
764635
916050
706673
712734
774901
675153
375691
306638
941327
208193
387088
191761
124098
361178
936121
524019
954768
619480
438773
648851
-92855
-65189
299875
691652
762771
347216
508300
987703
548971
-40068
652579
984488
248067
190439
738110
253894
398415
548944
-84476
702529
956491
-17571
2670
317920
-65268
412540
356093
310580
349219
-22605
686931
596561
20692
428307
675317
583780
999338
490445
571791
-43919
768330
802762
21492
412339
514407
-90013
592538
540483
863660
711605
9510
838902
213653
-82366
997689
98387
956908
575799
775682
475668
298429
628356
16794
705509
629676
-93670
316239
752315
213398
956429
400574
886370
935716
803628
651810
681012
616631
606757
609182
642571
682388
-22992
241211
375560
953924
806087
200745
825983
56193
396964
626611
411421
505976
820855
206291
-55236
340771
226491
-7967
517733
-9827
583101
419047
225701
829620
620649
434993
724495
237553
105374
456483
584535
958730
217363
793189
437353
934157
857011
188480
840388
25603
949697
976598
614134
620889
53722
-15577
138253
434721
303407
205518
324136
712742
818620
81764
-78018
980822
122291
682055
809386
324912
-28233
331442
75483
429714
-80210
887134
315189
15698
73870
550026
-16878
54951
295662
478620
866184
737291
65245
661850
337922
106278
31101
86014
783268
172589
662174
286494
670279
517566
326920
408892
902668
800412
783545
-35718
464181
61811
985059
997721
466720
680660
498957
232087
135994
614897
190382
514270
940527
154605
237130
355504
235533
752971
465761
873250
14891
161368
635275
238270
-65237
418677
104812
272199
951626
929172
182956
25273
-91561
118245
418906
-54530
226319
728160
530337
-64858
813867
625918
912262
464770
-2958
-9222
482307
651044
260014
374463
329348
145099
861846
398523
907483
750901
542739
-80325
11914
402135
157900
-80304
545085
770253
422418
361882
219295
19821
469218
403938
440390
263806
557388
651157
559494
473939
741534
381044
452263
575539
866167
486953
703887
109160
705833
39658
38327
664048
566339
175932
-38807
885615
416631
644902
484567
471352
29806
153835
657662
705947
605022
29152
617053
282574
653523
24088
142810
186095
151777
487206
726929
731179
332217
451766
573937
698435
283737
600444
598231
624738
625767
930214
972407
542619
189654
421987
526974
961435
631026
-25983
189306
19594
725363
608467
-6414
325288
163646
819423
640401
637801
127180
883075
405939
41129
125802
210569
-52847
988932
967543
538078
288478
288636
397085
496019
867462
962333
128883
-22578
441605
961553
778104
269598
621635
455179
229009
975122
666156
490292
427496
279100
829153
712776
270837
615175
528856
877851
837006
336900
417176
348968
348313
762889
96485
-17397
919677
982899
-35888
609832
117702
283024
201866
466692
968035
94860
197224
955776
686620
144101
768951
821969
67320
197386
196027
-4547
658684
927527
706934
405744
34326
934258
917848
723556
349094
614069
637801
859359
155300
-74197
139891
-13461
794514
-86043
359162
842266
279323
213533
611655
-51864
778077
207255
269493
70558
102519
65090
860041
544799
127790
56205
956914
293806
611165
102878
199062
610000
780151
45870
496975
-79315
88458
590679
8402
187669
939301
856942
9695
789171
418550
-43339
277673
799955
541594
639116
536279
621435
352382
582121
58820
372374
338824
383314
229617
24274
689722
279644
991490
327337
112222
619473
146066
166758
480992
314026
993954
565011
141211
895038
410701
898774
795271
199375
558853
-82080
-83134
606044
322366
760961
19076
-77684
702575
656817
337434
450518
-39793
321405
592256
76496
829261
206498
894996
-41209
-45055
-33645
21470
479779
987932
-85220
504348
464804
746672
939690
48497
-27506
369157
430183
-11616
758287
188961
935851
622718
750636
483873
604243
-45931
259564
765181
636877
312313
565387
723157
568461
-35987
12023
911304
962084
-42549
369417
755789
684209
68682
285011
218903
720365
338796
912741
964250
99906
796140
423739
802294
301569
818305
342135
589910
451766
402444
216189
353436
115602
561913
365577
639682
853368
428825
717791
406643
-31029
429525
325672
760798
387966
545856
971231
775995
519504
77809
221276
702095
510867
524784
-75234
986662
324339
617486
748216
731457
56398
974741
260179
810797
715950
248636
554347
914315
814357
830361
810983
477068
639952
169726
3127
257636
270495
658113
456286
606220
393237
349877
315171
462338
476659
66946
165530
736051
453283
787291
198629
570840
42804
526159
336703
227737
293836
697443
621881
531597
347393
667481
154371
71605
313219
956611
800147
-51187
106810
766146
-84787
795158
270854
850544
561049
261387
322712
328066
146390
115952
765673
113690
94178
324104
233183
99115
81951
852645
217715
426498
928012
726478
107214
382589
926100
13709
997118
17227
467159
987693
263975
354493
207983
871241
726445
920814
-74977
959803
205088
553082
-64409
727425
88928
682963
-96573
-22100
5391
331702
47972
829967
623318
467395
265687
26889
819006
-81393
144388
753266
61070
163642
171604
553603
181233
977777
639858
-48140
371902
134328
958721
404495
690410
336755
562989
705546
431895
813904
862223
650180
-38523
416456
143435
897200
217680
606440
365969
521739
108390
676289
584375
659238
66786
235524
738358
972323
660290
752212
934708
151347
77679
353629
233736
767667
527986
402656
-72216
214168
662037
182327
-11345
888628
691385
124122
577817
876474
601957
678862
308814
231178
76075
326987
725859
669445
351539
593039
467808
190827
852398
466400
77907
893340
-28296
-4603
122451
162242
166201
853720
486539
34699
588264
-22430
171436
433868
462980
115578
110139
992647
481823
115498
326149
-72616
548731
751715
772165
555662
949410
600863
184642
586170
565033
825710
522977
10981
940599
190723
997033
689064
718216
973027
443634
538653
-37816
123621
-86422
632315
287844
43038
22551
754011
388759
794997
238491
228335
393307
347047
307098
706365
789096
321574
117121
341361
771782
693982
518583
190395
500868
706398
865941
34351
401609
305898
629812
415274
113139
564991
742376
181934
675400
389697
428286
20160
747016
918922
937015
66071
443601
365835
81023
-69693
334575
819955
293428
284624
954849
975251
650323
574928
812710
335706
101395
523025
191257
399349
-54938
495243
-27268
656193
568065
6061
-69297
84226
731758
569507
470749
430836
331132
493283
581592
203823
443546
394021
819535
465522
987436
379999
381473
537640
572089
314582
507810
307024
674226
552815
672283
651725
813565
740707
479933
717637
679200
159384
444161
917756
838194
647728
725217
957648
-50250
136998
433618
337205
845830
417217
55463
579313
71195
677650
82995
135179
21299
569985
-48181
183644
421869
260337
437247
674596
895266
884921
800645
286629
538397
607519
970780
-87998
411194
455718
893544
442739
515300
782200
162104
955694
507629
649099
342345
931899
437880
122461
222180
487107
15037
636372
876346
789142
522461
998631
40180
86338
576214
580232
350987
256904
316306
578286
963065
329140
45498
90282
-89709
726969
696551
281823
-12701
-60370
263152
636486
673584
-28965
247452
895173
358860
120672
542944
573682
181434
521049
121912
813290
623646
752279
899373
248240
929601
73222
-39911
168697
627806
632605
261773
44145
187678
635201
360305
879919
617979
35389
369436
-76209
898888
-14820
414963
762459
139957
214559
734762
396900
676873
935161
92007
499333
992291
-64107
883282
213171
299871
370215
42589
539353
555489
69086
262228
934499
213922
885598
561711
11259
177885
622716
407710
372880
566633
440276
607467
257156
362523
986660
468375
112844
643921
268407
-35605
999067
597587
643677
9432
658835
965470
739897
994747
642751
50305
148297
657053
393640
706147
581598
665600
221083
451666
162305
-40535
217498
314066
790565
616574
599757
273640
8562
724188
275372
307175
408515
55103
468865
448575
827744
345354
286905
54453
693239
476007
525445
830415
982128
448051
-69091
744156
259884
279079
667248
989287
-44844
131375
592632
376139
452946
569349
372495
598123
216494
433743
27026
802891
69516
593872
567054
368563
389336
885372
363295
179069
422088
812797
558155
-10838
194881
15348
871077
432906
540777
933068
324495
570277
45048
477916
849528
598436
617294
423435
327918
323413
177459
132121
922611
973484
188063
269765
-94499
339882
42644
886697
655075
677751
742208
559935
375183
968419
-67867
499933
-12150
478740
249778
911500
-80642
199836
724666
-1278
158642
201851
208270
644325
14406
828140
488178
34472
-71956
793298
685751
802717
-50167
522318
565280
56829
232177
199220
97807
893170
868391
170894
390590
996108
394850
213157
142470
894266
741589
433866
388290
355721
942658
13623
16462
136847
725845
762863
268107
516900
159005
415383
681509
321182
279177
284004
-93808
449081
952577
-19017
868522
539380
255976
802457
987314
546161
985133
594925
212509
727193
55288
830723
330990
767732
534437
910892
382618
435010
89808
878371
-48694
418631
-29819
151589
130967
925583
631205
477441
557136
546310
89909
252347
936805
291775
498949
217397
230819
254732
941239
207103
819008
-63313
909683
243359
981441
462354
958220
218024
396490
643400
664028
614533
272418
436230
833638
379924
528272
729603
522414
638905
749044
892420
80255
330180
-504
304122
260637
60272
232614
809065
104139
826472
187496
485197
135631
182889
420616
59268
491094
184568
975761
25727
183401
746074
350835
918415
568975
672900
775862
669111
679769
871683
998851
-47146
247372
635023
712187
371631
663359
594670
205167
805785
560817
255516
442246
896552
223306
96719
-72199
131191
201574
863424
220564
389264
902796
405889
513877
540500
340373
294271
523937
116248
255897
35885
7041
-67675
-59880
396873
673141
702948
499161
751258
11588
778661
406437
213125
665443
671320
298062
298454
209175
841012
635313
224547
983654
144415
629445
781263
545702
204576
730770
188384
143214
2917
993928
883152
765162
360740
135145
959911
626541
-5758
567891
148426
320067
955656
532687
-32896
32160
507772
732429
192930
814831
802370
688033
904228
329686
291551
605408
859733
776291
350694
-99673
145355
260378
56245
181627
563774
667655
194655
860496
698369
384242
444840
498335
369941
448443
-68551
178041
303994
263852
716535
791704
590314
829175
255122
972114
829321
540460
920148
365359
647730
940354
71622
474447
272080
230332
551504
833037
777493
151205
522031
220275
232483
769151
78644
574302
355523
639750
70121
462317
905501
822351
612973
744964
76198
974874
959870
858005
554754
875549
673157
360162
652988
173551
188524
639342
328731
695150
241708
211630
569599
-75857
701006
530505
18658
496268
164215
414195
251815
933674
568810
423152
-16924
967197
63167
511056
505137
-33444
630666
218991
962674
463352
484306
226668
910487
608340
674038
442913
63553
35681
278634
593477
451143
445796
20278
733072
-42111
752449
-1161
906996
703509
912370
577874
565336
784456
769793
672867
608803
469622
2679
820776
146117
90528
-54962
840948
194833
517725
423685
763903
61601
495455
-37392
154490
387192
525063
-52086
-15290
98443
-72905
769045
88098
567303
819560
323095
623388
-76436
210691
232208
94324
294455
320918
811274
952589
519883
826047
427378
936647
-25269
444251
745351
-7314
133911
778743
326579
740951
928264
76866
520575
294704
50266
591728
423193
184602
511286
941510
170381
853404
-46252
807226
56033
85018
197214
239722
679301
693221
198588
792202
76110
-21901
-5041
723534
-70329
337338
73720
265192
1481
174393
178453
988242
271473
816265
24549
739178
412494
650857
533604
313660
385463
477731
-30216
937980
975864
327599
210069
133516
289347
358111
767072
562020
496330
770141
578909
262379
74241
492948
-92170
664061
35032
530641
105123
900524
334043
431124
423805
581907
998583
576716
556575
171006
857407
816484
719688
44765
12782
711401
336573
413172
943263
-27803
984623
736312
195420
933642
260669
124852
331006
316564
275757
266317
408243
487051
829531
294807
389957
282212
347850
424872
309179
449865
47757
488476
-97669
722842
570392
636923
832085
-11586
139075
379586
752150
781908
995305
365106
263748
864501
346498
64456
105141
148
996377
-23286
631178
143100
813591
353324
637977
641734
391499
124181
795208
363723
19915
414630
396059
168528
605879
888269
305438
128848
143631
708092
510689
250940
138420
65656
303079
988876
931448
303798
290039
662813
44888
874280
797927
108022
708858
556108
-23053
-838
399915
844763
841337
96103
376675
351640
140719
827706
337928
744804
482929
597594
-3334
15664
392688
633971
620627
111631
527139
871564
333257
264795
499758
742200
196825
157521
765517
855761
240812
166069
-77427
698481
454843
104653
392628
745661
648786
138942
282517
906467
48059
743290
801327
899659
212914
118471
61888
823742
502265
183474
605237
922783
211245
950608
-2386
9846
22198
613309
650182
646357
376633
707021
644662
533442
118322
88215
368002
945158
913748
65935
166167
-3456
-36120
538336
572093
21932
-54760
310578
-61332
966041
296416
-2656
976151
376719
154920
271603
526866
680625
712640
717733
261785
425401
332957
-38255
375005
751496
130436
980085
627226
81002
273472
801691
391724
908673
297745
622190
501290
642313
849024
458688
643647
124052
261581
496133
-92643
359546
439628
-72652
614896
948081
186435
-93632
431040
569154
-36756
264976
540927
622594
45464
510690
820046
6812
234972
338902
840244
619671
-76439
419716
843832
46444
429249
265678
-84407
219995
515501
223529
476891
90309
674530
369407
882324
118531
31432
905932
501070
229260
-73115
556512
899508
203324
-27952
520410
892059
597918
327175
993585
709685
947165
635198
155064
339591
696175
948576
267881
160835
229651
29096
622969
113361
-42251
158267
-93264
926230
122197
227536
332617
301485
490542
994420
602906
320521
-14033
371853
727217
216623
485977
265928
62579
793750
455342
550457
252358
203514
837558
23956
623522
236388
-35826
492702
870778
686841
498529
2815
810322
454487
-69396
609795
473858
51093
-66223
375570
356308
390506
-51988
469805
685218
23523
818491
366206
675732
173928
567870
244635
738665
-7223
618930
-19567
973451
890813
641459
614100
771988
-53884
106782
883059
4465
552749
652189
351328
459937
565723
939919
584302
938367
651917
155998
-55788
868071
697648
116127
576427
370825
947712
-95933
798238
687915
368299
887446
500681
843846
803640
298243
-81159
741960
711657
813695
992027
-89380
-62293
903305
822827
822837
247589
788139
271416
566877
788952
419589
618988
236007
751482
823457
94555
48690
154536
-98656
199778
501349
16411
988208
-46703
335496
801300
424063
-5739
154630
107955
809770
234363
-70193
820975
95079
993931
128015
302742
-7034
461761
908042
-51509
-31979
191116
103250
956560
869628
713574
62324
727578
891940
967125
678010
930556
325724
20243
701808
-28990
652714
838553
889066
-8850
595315
193670
945432
665135
-74428
365221
446913
-86422
719989
53960
812849
979825
973548
-72472
838378
848808
127246
538647
936187
233286
828138
-48685
298668
558878
185144
214317
-46922
223969
566469
702975
894567
132353
652380
210371
584372
196797
763368
62129
640541
-6241
912993
8207
286118
233597
662528
384767
415609
568339
88423
700542
50089
637255
109039
637160
20297
943078
117431
400597
949269
828711
64188
807583
839823
814487
495368
171836
844382
736183
217573
194228
9135
894399
844303
527392
896883
169332
682280
774966
725459
415807
556073
782313
901875
994842
643471
218425
455249
538379
748921
377324
646104
153098
377578
323732
894227
273404
450534
577353
169944
703320
885776
29793
298900
48960
946413
99178
228086
770206
825244
433587
121654
690972
661471
31150
935361
833630
115193
496855
593551
180671
540505
516657
16608
805652
404299
102695
563182
-54481
169528
226470
732575
590943
885354
31227
75245
136407
140935
333360
444091
-27689
862021
277645
750304
47430
26254
281599
953412
157772
817269
158437
284495
250121
344150
988364
301758
116188
257474
937673
935799
742056
78511
-71293
914660
206267
121759
261464
712001
244789
702401
358882
600420
769441
374436
-2711
108232
931423
764539
-44110
748722
959854
141786
809706
615818
796294
390825
360189
30230
184530
11152
462185
511716
165106
60231
413777
935929
896723
639464
225013
964240
970290
294222
618007
457557
622811
655792
140615
176486
319743
171778
245025
3270
137281
455149
169598
232981
316709
959670
642041
540724
-70803
476277
432523
967080
389828
124099
93282
983892
-31225
796008
728723
971671
36143
578746
812978
496661
957516
863801
367171
112199
417127
-79822
20864
239806
93588
395601
7275
538041
27382
-12799
17735
216194
-35342
784151
345075
49663
525866
875735
-82296
532
253807
497656
46006
904465
347588
89175
594064
820265
731069
-80606
88399
655689
696437
947707
894648
484336
846209
-52394
745637
631770
348168
388324
172689
160661
501081
671765
473359
35003
830566
778155
74580
913511
864439
64263
344732
845824
326115
622319
839156
251276
88058
455184
-18347
560914
113580
868708
16902
14162
73295
694065
902125
190315
401714
464703
159834
526285
592064
229961
942089
47553
464611
-21011
213608
-16650
947523
384718
416325
547520
207085
262469
541564
866240
-28946
458093
691718
343115
81189
267430
332454
188039
-29994
-43688
699000
589287
221010
923730
686321
332808
7283
756367
87231
-84145
667045
462199
766867
191113
-94303
218160
879688
860841
313823
948914
385606
109354
639007
-54914
611165
403846
481699
847341
-55158
210631
376425
-93231
353651
431544
982954
299602
808456
757047
267786
706201
922524
332229
638801
-56726
641322
323134
480142
230626
965426
853984
745360
103941
208549
293395
350736
7469
649731
875134
-72531
470510
985376
189378
797635
-99442
868832
51783
777148
260152
852498
933818
604788
78723
-59135
439670
619233
29507
395687
229478
807911
-85850
902538
21673
972222
718816
495076
895631
910009
413594
167154
-80257
955332
146018
993965
-67868
225351
188922
437569
-93458
432051
646381
282360
103311
839852
836939
329647
247483
914912
357188
757601
424814
402116
731635
56391
275005
47500
747612
908277
42615
207295
121768
296866
208908
692631
429504
289866
-85480
134893
849182
253905
658083
-27542
246312
-18275
897395
247902
587247
221581
357250
511624
775638
640849
198706
-98913
911172
565210
280260
873513
706899
-46660
640692
30663
276253
468452
-33796
823928
230639
602867
85796
776145
-8549
201140
97169
983542
735838
531535
-13595
1358
561137
733357
-82151
707026
657893
862726
803024
208788
439936
822761
879830
291620
289041
461100
655659
770840
419107
46178
145698
178946
490209
116566
735172
743029
446579
575945
887304
747070
96590
149922
633802
992440
891146
593569
35222
268072
493490
-83740
610698
183971
58991
644199
444827
614999
645581
637793
652578
886111
642768
922794
934981
322241
367819
424080
820948
372916
92819
524626
-61349
446279
447610
338351
990664
312200
757744
136196
772163
511390
280957
653278
111845
741394
883190
-1452
634909
-14927
716414
576775
357758
875419
497878
163565
689828
415451
765169
708527
658627
45681
848313
338397
-98940
-48812
838136
151757
685278
-551
459525
173371
506966
401599
329861
681615
499385
302520
553295
499348
21421
824617
6785
149113
235666
596777
779681
-66248
113220
359106
929766
682939
594972
-43833
327932
109528
675390
581286
969039
273621
401864
300583
904398
452440
837851
525149
982649
826689
49354
-4487
694535
60553
133361
471106
-10816
579632
72290
148672
953105
855711
456466
661419
3584
447055
27563
169824
-75702
-48977
-51348
256054
935332
766403
99733
995924
167832
733931
107139
102444
257000
951175
163664
510486
499943
810956
975139
529691
-72657
258264
692670
253331
-46359
845475
-87126
-29651
538417
883089
187234
579411
765116
508659
730235
222878
648415
487203
240306
588995
259045
961105
645599
-92966
67124
715915
180169
143380
851866
981580
515858
549314
138783
527463
938179
312602
406510
586732
734273
504383
234700
-39788
390378
464937
643625
920295
727173
975181
23066
45532
928618
680696
245792
66618
463730
202866
680416
515712
734245
873575
970571
285605
107669
517262
927312
191314
-99638
985765
886401
746128
628364
888032
527307
-64741
255012
189013
277968
996418
310697
981839
333036
808004
711946
261726
95219
965413
913677
878838
856227
934307
644543
683881
-27035
869120
744443
3796
850562
194716
463446
105597
731293
-36073
779024
719817
604083
248126
981518
401572
663267
-64038
26313
394018
783579
695221
233919
763384
26619
778228
156906
-63767
-84841
534728
670520
-35309
210849
193359
-53000
474863
167910
798128
469441
437561
93262
565203
147310
-38311
461524
253515
702659
932227
282998
-14866
777949
266622
667463
779189
978596
-34886
-86946
106416
44272
376145
934816
417029
441296
-68525
474495
121817
413490
386096
191741
793300
858388
941373
418726
136788
145778
-60299
294754
629938
445030
536575
654277
56996
247563
954509
526219
-26786
336843
593777
24998
499739
76618
922265
885132
114338
-40596
250393
997904
-97491
777669
801667
145990
939142
491886
750941
331800
49306
387150
540641
206084
910328
161091
-29130
222381
339714
915184
800335
65653
-58126
347899
278710
627199
174543
448701
661751
40079
44637
265044
252898
467766
242867
725086
230833
579755
112375
689220
879899
-8907
835546
17974
281489
165207
802356
381744
610448
198918
391070
697450
668184
277216
842565
162427
844405
964126
501823
389851
707434
467421
386065
752250
952877
401850
-69173
306386
578208
956415
185641
-73030
-8981
842372
209378
468495
-88616
538747
52351
361953
-33020
43231
784828
700477
575748
450492
59541
317189
761790
-98765
-23111
823700
343999
880730
-86312
-25229
663475
613762
250970
965003
978342
262635
-64100
537367
196641
579031
602985
292079
294108
702616
653569
881838
195014
61024
690426
295853
-30521
413110
167795
201609
-47502
995961
367394
485534
375087
77468
188137
621525
458950
64246
14799
490235
995916
766994
749489
406732
971837
967984
56064
577965
58604
680683
373809
-93978
301044
498149
364655
850720
60158
320341
328623
410825
930774
113251
80300
997379
372789
822938
770360
408001
-26199
131893
393724
836218
276688
108210
329734
102589
955152
664350
439395
609476
642159
292280
292995
821
325588
-63209
513317
684770
992457
460962
520625
166244
414277
-9318
612861
283937
-42079
235659
2106
478099
514621
720813
323213
92323
340967
-54366
64003
862138
24824
-99993
210967
265215
511416
794803
534673
87612
252339
395466
435993
20632
746098
596461
166494
156285
628515
-91952
219092
515372
959093
-8384
929107
792437
858036
-39277
-23586
934805
-54152
329205
384434
628536
775289
628038
494395
309244
304437
-93552
916847
185949
600618
503224
724742
370226
446684
-61076
-65573
844908
110333
588498
97214
878385
7476
493498
759280
630963
225958
238253
975567
722670
447141
825197
-54969
492894
425053
342094
495537
567928
-34036
493328
-54656
914908
80203
216478
701127
194621
108404
820841
869848
584357
661334
68126
68983
812467
653184
-70254
196405
788011
852458
665288
960208
786996
385213
61518
327697
532157
496853
555169
825857
850815
884052
-7237
-70260
-9560
24329
757460
585855
822564
285006
352374
161885
318114
407712
765060
542396
819129
99588
12390
812686
687969
501269
606218
535488
781355
84067
190862
601818
866910
-99568
948491
982554
214564
-4418
465523
829571
616112
731136
320571
43070
190729
361801
822365
439588
662423
861136
1249
-54527
543754
603720
477950
602998
743658
120570
953832
430014
-34110
293092
456665
455082
42423
358541
116882
587649
809033
-32698
514014
771810
900181
193532
740825
681705
666850
447873
108000
446624
450603
979365
277688
840373
171365
803470
714316
265743
285501
575304
748047
548145
919461
603284
442632
942180
13129
669751
488833
730163
337187
461770
206399
236843
879370
988991
543800
611776
759065
428189
5508
76615
897655
228002
859183
415994
571111
375255
414269
626981
177212
692557
324704
218395
-93229
617992
2318
493004
179974
525285
936616
214987
218362
943945
880415
644478
-76372
705687
570635
684984
637454
35719
824197
255703
310278
817923
-92377
123666
139803
223191
144935
634403
689771
-99131
620110
120779
448407
324164
138253
499729
652379
114167
-1367
996069
-78035
324989
467991
854865
-77527
184435
734149
136872
514213
-23227
512782
395466
654054
544963
981901
975583
756944
163930
15421
270466
663931
505271
157693
-41602
473275
590775
89856
722710
681424
-73350
544820
187339
39479
263279
-46154
821458
595447
117517
796237
449279
572909
659565
817802
470581
136465
310760
997191
270404
437591
580116
725396
656701
673136
-12242
860323
426316
662718
726660
43918
427930
927403
993583
355803
399475
505347
743497
825404
745530
577278
462867
885784
82978
-5443
723339
184305
426797
-57673
878759
56750
-53458
554814
687502
151382
326222
895745
824166
618209
46025
657943
720168
526767
463108
479186
25780
418335
407695
214766
70191
972198
66195
54830
687029
954455
608112
642406
991952
321691
-77392
74558
879093
-71389
501279
228760
22374
701742
304058
579331
88347
235936
401214
489292
750043
182459
879686
363020
407326
433402
823404
-22974
970537
662811
524025
506611
936817
807940
-41637
596285
582549
441869
-10827
50714
971644
924430
304470
79855
926123
776543
353674
587603
106856
94211
846531
58120
27646
507179
-35130
710106
89763
338139
379099
262246
741354
-30656
428764
333964
433659
836761
284927
462557
591790
528610
970141
658345
-9629
470831
314571
662371
332263
412891
-62292
415131
665113
991714
-21954
213730
85190
808224
545446
508989
708372
563882
168692
-86611
223838
602405
651181
413272
896393
629123
913577
431767
436644
931401
725914
596174
729936
-49819
388274
181019
357292
-42952
357783
238464
920953
843173
483047
799503
551367
678671
-78087
-39783
920929
321429
987471
764576
602064
465323
33110
299306
954129
854805
745219
226935
-16159
167540
817298
936113
600625
737813
663281
-47167
42621
339382
252993
214326
106852
420069
741672
353945
419187
557075
273451
367857
619605
738287
273509
544436
91655
472071
943366
-29545
710516
92681
326207
201772
30391
671914
210168
123187
39349
873143
768927
558308
650718
54362
216091
826751
660405
363624
835967
591478
345670
725032
476156
51006
22373
249103
875005
506514
529653
-30978
762712
277388
207111
-13396
289799
149787
821844
-57690
514172
225992
264081
66930
408430
520604
507981
-16286
221283
831808
934221
531869
834796
-30342
800380
549560
253331
-51994
817821
800796
995063
165934
966628
617122
331791
788974
761789
409880
145145
23471
851804
44502
346664
955335
510510
667248
-38464
-35667
210098
942221
512911
20442
117342
176330
619862
61956
-26940
709398
122482
540273
717080
311904
80356
502777
560488
408825
-76303
607950
209638
208607
782851
489923
571844
159692
260642
949044
885681
357082
8912
191662
381118
529608
353761
559991
555846
605122
403579
750381
947932
859548
-51253
806247
-79755
477524
527114
184775
158918
-33792
-39674
864598
683895
573286
-80557
365717
-67106
229287
475588
340019
365398
142232
479464
258141
214077
-89328
914854
338741
42166
38822
671607
87716
402793
189392
429271
236669
-31971
-36118
497103
299304
934999
213080
909465
718740
507074
348200
122199
417749
98590
687842
495106
92740
570560
878767
551114
61949
158352
138929
479760
-2351
897483
251564
860858
380619
428683
906929
248207
-28455
128768
346364
629211
681697
946842
523347
701720
901315
173834
553680
-35565
669592
872528
191830
774556
969507
211859
275785
110706
176118
771463
554348
730797
-20554
491644
975713
389499
65755
786670
603072
374875
212623
239222
244429
629765
518217
505862
961915
203899
799489
269000
687455
294077
365897
475414
273940
696475
-11786
907139
281414
698698
178558
361152
453689
248175
949406
842853
9051
994034
724443
26490
93982
243958
587406
551123
876663
731538
499055
868329
404241
825020
372406
528087
-57368
807000
752435
682971
456749
332168
-22135
772818
848329
829573
209603
852123
884111
779850
804192
482379
637090
852512
218138
-90612
189064
218676
802564
35160
969440
363387
-34631
76929
115140
740162
309331
790205
418657
637015
621919
575213
833691
-45708
679597
212438
883029
618051
817667
665616
239595
965326
413811
-96772
975749
140084
113033
54218
-46206
687581
682658
228439
941354
337912
184578
339492
688476
487681
358855
182622
572960
204490
911417
618863
903362
130294
443704
394323
-11536
642020
-12819
789334
435624
765053
302237
833561
720305
903380
-37698
787915
192973
938161
832225
364852
807543
102253
870858
575610
988454
974944
842490
247224
327583
784601
787583
43346
730065
972383
970822
979856
397557
-59088
424226
721503
393916
231306
46907
841717
443228
302359
671575
956304
654666
619890
516203
617247
-80290
-87113
448460
890361
782275
940216
142619
544597
893295
427803
141310
219030
581300
128835
879359
-29958
121923
182782
-35494
785206
664037
240364
431122
542958
733921
927964
576755
480201
420751
706967
286198
-9122
442644
304943
120466
386774
-77493
810038
500839
279461
267432
510711
116268
884172
-37535
401136
683447
48944
-91716
839174
19325
847693
310090
284277
960412
-74421
168640
414161
331810
495174
104219
838814
379210
127153
593841
422452
449333
654830
765647
-59523
723084
708630
371330
604935
436748
232371
993786
72944
967128
579515
983394
873700
74976
834634
307502
515632
746689
927581
233950
862224
530542
715621
417988
596904
780589
800697
920923
447485
-50224
633556
13708
600691
277586
142054
-58021
-66273
450037
682224
924174
192192
427345
783937
217439
879704
460269
273291
12634
-18941
297771
257704
590805
591299
937903
70771
718787
79620
875369
779419
172151
546038
802653
610233
524990
618225
801731
275192
166649
649806
316131
81022
759903
937184
787538
516239
-15818
-4253
528798
236786
897050
-45984
196798
274284
658339
514252
-20549
-60071
152473
312223
-61309
599213
245770
446146
686721
889724
530409
942800
584847
660773
365192
384663
571184
987888
-32391
706165
400365
605165
87034
799853
416847
-16460
569788
936112
869100
947649
818969
967328
77703
407365
864878
-2333
743572
359796
976585
568323
368524
275176
239176
700484
929921
253754
599623
567019
680495
114839
494848
-24659
78487
714617
-12211
844776
408660
927214
916801
947558
263822
459023
32002
950153
901882
250198
869706
91707
775178
876460
699383
828221
211726
921500
356867
369413
393521
57696
56838
632160
173548
478174
-4407
391972
978679
996680
203992
693338
487774
405650
-57809
154004
465962
608883
56465
408252
250650
-64144
233168
245446
379293
927009
739568
24420
900242
459586
371109
-76121
744515
571935
81908
729487
915209
587739
801705
532073
401945
304726
883829
735287
5404
689923
187460
284436
897053
227268
-53522
882424
930353
-52353
308942
837263
573573
225264
108988
797571
-93468
755072
63017
694499
536982
947745
951194
297861
-82073
831983
986909
-77396
207169
387106
415613
958892
387714
373811
354854
5541
928451
-6859
542951
673264
901870
343636
734792
355082
307580
162881
628215
442023
446566
604095
366860
174009
129664
503677
282586
191789
493107
110912
346525
808691
9422
939364
774836
716578
137053
635944
471443
664275
-35663
854539
-40043
192103
937880
261455
878914
381261
-55893
454348
80186
359641
64853
441177
714742
440003
342378
875162
948554
642531
94963
442277
9611
391135
-66658
442313
296656
391214
810855
-72627
43379
906186
934671
263870
755758
161633
161501
314242
376185
-43398
813891
10481
463034
-10039
-6191
725303
308891
619038
495352
346252
43104
387140
790622
-4924
981418
363237
278915
576990
324196
364447
498426
812587
927359
805079
258541
200519
-5740
112916
462687
864551
525293
34647
462392
558230
979142
299738
597428
271064
419560
469410
-6953
397088
335206
217790
102489
994839
21337
301473
479690
-75915
965459
620075
976533
20215
111829
571044
19125
12300
327206
21915
71013
729003
585163
565097
202224
516184
697952
392257
557700
515277
140003
464121
217674
69616
828192
969338
589723
700681
471408
443381
161109
665891
828905
298802
769748
80072
78
197559
543651
107911
949273
282334
51784
792420
510119
243706
547720
936467
945817
930235
933885
172623
195225
316555
621653
657527
539479
133693
549185
198114
243769
595930
293627
211206
62328
677516
957224
-48413
539964
716069
989860
397385
291929
603688
746362
527660
533337
-27349
-99574
817211
-47833
230270
213803
640120
308001
970716
240019
778544
871062
-70447
860313
981616
664583
738719
818546
649545
928547
19359
608935
157995
768115
615285
215555
733260
687962
976518
341575
132283
419266
-22569
266090
603769
24899
506873
318180
-19630
139895
-67810
922108
8945
152859
214708
368920
141122
9019
426561
821637
770938
795149
558820
206957
282206
766032
485599
319952
918245
-71740
626353
78742
535667
267838
578968
981814
156081
855801
764596
350909
-16014
-97549
56218
789952
277984
280654
935831
277471
414551
15491
-70979
881549
251603
991870
550631
86680
826079
562205
-95701
989487
616936
902692
784097
238157
-1495
351111
969902
110243
999672
618310
186549
449407
-91751
692336
870025
123559
689563
264590
305753
791802
455643
244184
543440
243571
321806
690115
697576
-96089
27994
754093
548077
-34606
282886
235380
794938
310385
197935
640130
284088
198649
496449
265936
613389
945993
225889
381803
499011
837367
-76537
255287
649091
503382
-29081
699319
457737
-28352
631921
925357
745962
184387
469839
642383
390045
928604
700596
510185
577021
692864
210257
608060
660899
270142
281674
667045
380703
654139
597938
440189
287039
-38313
361731
305199
601396
849872
212052
142613
661034
-48305
506456
389998
576175
148700
709530
205921
209322
710723
894411
151475
142012
137302
417029
876635
654668
510091
887813
675838
251351
311853
659787
711046
391541
508967
22599
44327
773433
991321
33935
750269
459721
204153
663903
56205
147137
2839
439324
913710
-92951
223078
270676
797671
996307
998207
798639
518522
598909
234281
422869
772971
423249
367870
-9225
880428
327503
998768
33475
506302
-72273
507318
421209
752891
929912
-49921
-9687
119098
731805
574140
474232
909092
941189
662183
45966
575356
757796
390959
665521
517593
877472
987882
863459
-37805
156638
303879
479992
-3380
402542
759574
241531
508724
940435
581931
484351
40243
112085
-59659
-80095
53138
331363
852821
89686
822815
375859
571475
903088
382179
-10017
217721
150529
-26203
502609
396377
797003
962810
779813
554694
481726
747100
-77986
316753
360891
718540
-58202
972766
474137
588313
529553
967715
35225
157093
599588
165875
495644
435584
756441
41067
-19843
893208
737150
20588
322759
960454
758548
316283
289983
460378
32310
289260
142491
682018
932947
990173
-13569
95010
817962
403124
61077
393667
581213
-74377
-40787
930719
-15162
492476
437456
371364
171235
290316
722296
922527
550321
130972
718472
997212
535932
365650
820574
427898
67117
889178
305691
298956
-60668
517179
474238
804252
165454
450464
748742
462294
55073
341176
742949
749513
374290
538986
565575
978097
434718
268353
105800
767216
750777
518733
954735
810623
-96124
228059
126855
476022
535935
344146
81750
995546
914328
410097
115150
93146
691182
368638
410813
629066
812159
552825
243578
615171
191793
-90489
244677
161713
842213
212956
203720
805434
858083
126255
-68936
92376
161178
388416
697361
52078
538916
810895
625792
495082
-9051
5065
247707
207265
56940
293058
476052
34140
934934
605010
581944
111682
72079
647054
222394
165182
673887
579709
483829
742477
-41924
222644
-76497
-91278
793954
114547
644339
804728
871136
470430
663903
454585
347445
888265
860606
533325
542124
559499
794263
350806
76520
-77393
-91092
390859
177676
718661
509721
898203
915850
484443
19948
916353
695469
603750
909042
305773
-19653
290642
773288
458328
267532
383759
540529
659529
-32792
879691
990847
533491
-48694
978463
492714
224962
542062
40272
100068
543033
599126
282489
399348
344712
374214
567004
941372
909058
556616
268275
687832
941353
383709
-66819
135482
708966
886162
626860
843782
732672
668643
367612
250969
161075
267034
-12391
611271
289098
629619
667815
808825
612184
436651
163482
509213
74680
323079
76374
48300
35698
131366
93705
314307
503037
651579
550000
757453
189337
686017
54932
535239
402060
364703
670483
748506
474297
155369
791409
353115
833622
-91055
138158
-43049
525996
324738
727236
446908
-68979
74293
-77896
750670
-79008
633885
410621
21716
635899
222016
333115
397622
253370
740094
135389
637334
611643
428752
151590
583675
481462
225162
-48795
642360
-43883
166401
519514
961525
779118
586591
787124
427498
241651
177844
349931
-19310
959820
479212
337319
773530
813684
223308
487600
660341
56913
710526
760557
838424
213182
918826
200632
776113
4137
254367
640018
307931
586335
557532
121274
348705
964333
864983
979566
39325
171765
366919
847625
364510
594371
405245
418570
941943
59277
623605
814565
383720
509205
963141
870030
237572
468626
550609
893783
898507
991381
499586
713869
90576
621653
411526
-25384
913152
823825
567398
535635
287502
755611
213246
98309
870134
237974
48093
430999
958214
157314
714555
563463
513096
277799
788157
533598
215868
200511
472597
122220
112166
764814
-51511
426098
700833
912284
746586
411088
55633
667953
-5371
-56506
615220
584476
-48050
308580
376427
422187
591360
610928
-18110
744217
92708
502694
462514
949373
522422
-42194
757402
478413
654230
37226
343062
888329
385382
758873
915175
717187
393854
479641
743843
843631
609142
516490
536972
31170
739713
445119
411120
88375
279871
995962
390395
185307
135315
62894
556753
629148
939798
749846
87625
557857
444882
746259
218753
-83422
44928
473326
402504
163004
171320
555373
-62268
322483
763322
926667
712705
960531
234627
-14391
456943
912133
3963
266963
-6742
-41085
942266
236208
462564
181944
391599
334306
901306
134921
839960
246849
774506
357285
273045
794895
773564
828796
414942
277388
200491
395191
706157
453097
53158
291462
510440
621212
145554
265629
283263
186910
774743
738398
101664
905624
485980
23551
15248
760208
876389
563893
246106
751579
539499
777763
229084
99767
553653
659071
694336
-46792
382228
703827
977206
751414
84754
-77798
821286
130793
964032
413742
417795
887138
483594
857165
-6713
872700
-38589
253119
517993
200844
42540
587471
100887
163013
965104
439499
882183
579807
147727
867461
809952
694272
121306
518686
897030
542981
256639
231708
639375
219378
517335
84581
851444
128599
174922
306815
-20013
250383
839778
889786
497148
294571
273533
267275
450298
-62861
79095
509139
516372
729742
606313
21648
122838
791322
282610
-96187
724121
-70011
536510
500917
428742
519088
465465
481034
-79846
290474
946401
251728
-20475
15908
553686
64004
970305
164441
621824
867918
875508
433258
969702
-50528
637682
217606
486196
44881
486037
16354
289584
937526
-75940
650115
444547
706180
234937
308754
393619
-70108
827671
229269
48158
-57465
74925
913762
829387
948109
730491
710102
344589
609946
410924
-49319
-94068
383463
796010
813667
939261
905143
301883
371110
943625
62359
268576
310044
223435
930131
841564
365139
155911
695820
392355
584419
306738
721319
662845
515486
982250
185567
618563
310697
132077
29236
-22589
497888
110473
284300
377994
479734
-10462
700578
617951
240058
844816
424865
476746
99623
589061
239053
539503
402671
382572
841038
754324
665104
685542
818427
126701
660722
765854
522615
954693
874991
526961
249899
653841
131325
185033
199990
70621
309239
880658
628949
903235
155988
-24418
-14527
598399
482359
613941
756835
-82970
984623
370893
213560
818473
299226
197363
27026
771077
722290
280379
148935
311784
106557
357158
-72753
414673
953123
353496
930357
43467
590707
298334
958983
26369
52337
184316
503840
332937
581460
866941
193273
508571
214755
658163
129270
566667
460365
776222
922388
271633
633595
523451
871647
710896
-44408
681667
474069
-41631
922070
625582
577840
457465
47964
566866
640258
87209
-22594
579791
268668
920312
734722
-42216
131722
14226
757222
68008
610044
176046
370224
55519
374958
118118
-85689
447535
948793
822486
58720
565869
778571
341382
974040
537949
749707
783523
11492
1016
703495
295987
356539
306796
690532
977030
407460
835517
326539
541336
593290
978249
834267
292628
776010
-16769
185717
972980
338349
106053
771899
492943
834000
46343
426355
986203
381483
892279
752279
959190
337249
940975
398804
758594
146074
321044
770181
785376
642876
941570
114895
-21198
506464
944441
734504
367184
-51878
228665
689526
4050
518303
195094
722544
746996
995248
84196
515510
578326
896410
309482
562535
838886
119768
241827
162060
264683
209579
749222
799787
648265
-8809
993882
741882
135996
41060
-31682
465811
46663
318940
138796
353249
45606
545012
847353
-57090
897003
959157
762585
-84810
575119
413585
170375
154009
332469
625868
936058
95511
-64142
695864
810610
906960
903629
231020
438242
952559
-8054
-14213
975586
-85984
432429
566302
-32858
764746
24635
283648
957670
746554
596764
168824
-93746
148159
696356
766507
671467
-14155
978127
630932
262960
235406
-6501
539517
376196
674691
698814
920658
806868
456487
446018
317901
295843
573296
508637
300926
937887
690477
721080
259817
630404
285051
-36431
942179
521840
106752
730495
480622
671562
518902
828023
602503
654604
496041
531258
-35681
777123
558409
910069
455653
919080
646770
933436
80467
25986
369218
461277
421702
445343
940749
142815
565684
633861
537597
144287
949540
233699
-441
-86021
465310
172784
208661
293369
793725
85345
830785
578028
-32164
693905
192987
534155
620037
976912
-79896
370912
-70166
985453
-33012
242211
420326
496449
328153
6670
658423
427479
768565
191875
749434
887026
702688
734670
605955
571977
964418
831028
856103
995684
561181
474181
917337
960597
648737
150539
100162
819245
702745
779553
19751
982965
627524
293408
52948
765251
160806
467123
873365
-56233
698780
535285
163011
622789
481143
662768
783378
100724
892840
819797
99516
883503
586759
288223
781875
277979
604758
-60935
-77921
119301
141549
344410
380723
196416
195568
-97589
905825
636814
496007
224279
-11886
29046
252190
921407
336446
576923
798194
219373
216387
578367
940730
578465
569782
999079
341642
482985
839574
44533
858056
208509
301766
162175
247043
301684
680471
53677
773976
353606
243471
431621
907574
-54962
-65894
768757
945267
-1460
299305
955587
258143
694624
972511
325819
-80777
446456
299715
866086
854988
55881
222929
375553
482812
916611
810375
-7789
-43671
247795
488331
530078
775292
431107
213388
990711
143143
224788
388581
158274
85479
569344
789061
714145
930978
417414
616804
615934
-5861
469718
582664
49935
950677
801974
561896
893729
913723
247289
177446
366363
762718
265001
137789
914789
320746
806549
