4170
-32938
609184
-75075
887250
-33431
840185
587417
88367
601672
852565
915326
868978
-53775
143870
411026
126600
661476
422793
845511
579525
907442
605817
351461
250564
851383
711487
771941
169220
158688
753979
375428
294055
643709
998335
19064
475462
178927
-44025
130691
17637
900677
677351
527478
-48650
76537
189789
720641
849425
589282
452492
-55583
478179
678475
860988
317186
237806
560373
19777
837211
999609
648754
281491
8344
257387
981187
588363
129218
784951
-81196
971568
109939
187368
49094
92046
964292
306702
900696
947321
699118
737732
536636
923032
292946
-43847
565203
911630
60042
3617
492985
370034
482435
756056
204813
735049
624760
-82103
155792
668031
407117
977210
481020
881743
717993
943525
976724
917362
696812
921490
984876
727848
258858
352139
317407
843334
259105
617605
275904
404374
940358
491928
-51448
26145
980418
751321
-10639
8254
599501
285745
163633
716211
758525
856814
523547
619638
640106
512735
483579
997149
837051
422493
448270
300272
830794
294167
55395
856313
747621
671506
-25419
309604
855405
-56094
170787
726634
922588
376268
872060
721031
350432
732701
533399
664573
808341
751131
992954
961091
847707
925062
-40550
815467
402300
184645
621722
737813
876196
107194
856660
815206
832594
259004
931989
661830
718797
496819
707583
438056
305557
912437
394018
759588
560124
951295
-79236
478285
534560
913778
608313
971537
792096
957801
16650
891172
225358
981632
610666
163159
330649
-24085
155512
101517
144033
319554
929716
145374
594796
803253
191663
354238
234828
587119
296280
157502
225183
637867
18994
216329
597770
638778
-28951
495159
21636
905881
541747
281436
860630
418698
385365
512227
928469
365687
491903
816132
976542
-84924
817264
429945
11355
563171
413002
-59659
341206
665297
506322
861799
881038
617192
722886
495862
811815
46823
377179
288337
157848
627037
533653
59938
429824
-95319
604565
538226
726080
95764
429533
827111
772432
319915
37851
958975
39615
376691
366575
547523
338177
690599
959498
291701
989507
769032
917750
762103
925143
278666
-16181
816751
667820
433270
188383
703760
701922
685616
741628
617755
182761
151800
102474
79823
-49232
784289
87405
956735
920470
180092
909251
811971
231926
790297
420157
633695
828179
-15086
296525
327812
310092
327138
440922
352075
617873
572610
328967
90372
799167
692480
325120
403786
63063
863276
-7860
226316
992928
997073
980286
955527
808841
330435
-53046
458814
638405
363981
567735
-21740
74732
56692
598205
-4378
560901
302465
809932
801901
673181
568701
587028
558406
84195
375231
112388
-92692
12710
75463
581340
234305
302760
322914
907706
207484
938890
131139
424072
263754
665147
680604
123217
433085
282579
565618
285959
578916
97612
312471
96582
976083
130336
-31161
76935
361452
675894
642602
252442
943358
183360
699345
745127
807709
42767
800788
525581
627147
850174
-58733
775859
172299
73986
25167
213906
563468
-82177
199690
991465
-39350
945067
670196
438507
752444
116764
-43819
590811
593506
940978
30705
718813
17607
50732
522237
591881
244034
423993
384899
685207
281346
816036
493775
611806
857724
591803
506195
592134
-25920
357769
920831
450001
616850
265512
242373
411491
566846
427284
273734
985688
937598
96963
294088
31614
850465
914473
641065
823448
198772
595242
357728
172671
956063
-56238
470064
307912
800847
870384
924417
880388
187674
689158
394228
296346
731095
131519
-74309
-33763
129066
403747
567514
358047
39329
43670
16307
858316
891757
696050
462074
950382
248070
239284
250938
49460
429386
567710
780938
-55055
152947
729776
195081
-50493
631508
93568
375252
35745
-89029
450581
323817
757827
436713
795921
533692
2559
994293
664490
761425
455654
928884
901832
760034
629507
746995
736957
180762
297229
771245
839836
949799
236754
739213
639962
-65455
462189
745611
302852
416930
744803
15093
184993
176951
205856
615232
244573
242835
352049
215316
627038
757531
299869
846429
767413
130966
-49572
735814
-45423
699143
198544
-6616
198720
334291
592779
177398
228539
127140
68855
830437
949991
240793
644296
181555
235641
396251
-28000
384294
402102
102012
990817
284937
8729
110823
972807
397231
-17043
416368
5324
850669
322088
114643
-33750
166851
718740
197715
559542
-71317
824969
510881
463378
563912
535164
300989
-41732
87456
634771
879658
300693
412984
432201
931682
836716
560059
774540
112374
44352
494498
571074
664480
655824
605198
-51257
267574
740092
19457
479135
843891
838970
585095
939741
222610
-37010
894379
236210
126992
-49494
373191
132951
88517
860454
318476
138365
81042
21441
706209
994140
897869
534240
269672
990624
908004
329377
710283
1670
753675
747874
-70872
-14585
177827
252089
301262
745479
-41723
944802
274542
531728
855357
384618
15127
688895
327639
992775
-62421
600518
466098
743562
593283
856386
32817
721495
669474
680520
234847
307631
285906
457832
258681
819631
67317
10327
1142
546027
132527
753623
384337
126791
808609
-28820
36847
101679
121260
599174
488435
274776
376922
568182
919206
601335
330588
478530
413613
-2805
847680
-53515
128097
331584
915370
396205
411178
94588
775748
796015
817487
134442
12785
155847
622264
88380
-62773
568945
847540
-80089
383614
627061
520357
115747
968151
997722
330454
167352
892752
402806
-82348
595068
385704
897566
199547
808428
969108
427516
627830
669097
679241
792770
686751
-38681
23427
403022
250793
371667
387471
6412
5975
525481
993934
216190
310780
573942
787627
-28793
7394
245414
959151
558038
607272
705463
623418
523896
-30640
-34339
19065
-55607
643578
592494
121452
-29510
408256
682384
580554
195106
998420
430652
337171
208891
986984
704610
752615
108042
926292
830786
256199
-56072
114467
835914
199308
655420
764953
343354
418215
550363
151908
300158
949461
376390
879048
887809
147345
528452
-72473
75253
703820
362991
949570
510423
435983
506585
73504
261467
-61170
711802
188822
-14951
879634
25079
725862
466972
384462
494740
228499
14554
989588
111830
318813
949309
461446
126676
957970
252483
249609
479077
367697
4256
440471
445915
721273
738223
204849
566474
936219
851554
451046
517026
808683
5993
221660
198928
49300
397698
-75797
969942
219625
781272
424721
616936
225660
886021
569049
886033
938870
834842
804203
925285
184854
191215
237186
281044
669750
218316
-69983
467696
7898
55333
780763
-71965
820591
170680
55437
607898
154726
605775
720499
-6201
266576
442436
741275
194721
46796
435550
888797
84770
719982
596606
933317
-62644
689540
153968
412653
399872
911359
872013
86277
400045
120994
138260
359065
857463
289657
647067
-76893
832008
200755
922293
111145
394865
142521
-16321
183720
269778
653345
937259
48367
576192
265149
42493
385199
493343
704880
73705
-12604
604794
-59254
799963
732290
681123
650687
528177
724739
196951
247542
936991
772299
-44615
514894
761337
463680
554357
781844
444802
371045
346161
52486
482627
717929
498673
75737
266189
206566
583580
860916
730791
682756
700721
678278
431128
411525
305153
878057
79764
774855
799779
377791
168810
413722
944331
712632
468205
236111
403598
920307
366350
143344
502635
248199
839110
814719
556401
299624
958465
40514
597062
98999
859415
692164
811719
120580
738042
-27660
762050
304665
557715
268908
648507
120832
-40141
-45641
162052
958245
657941
440987
128163
-84338
208125
853145
802552
425482
187187
417914
946422
426828
418015
242766
615430
130847
856466
931344
-50605
898087
308183
631233
832877
800326
157505
93982
485281
895359
281775
661401
872826
126367
577915
442946
67700
43504
19788
701143
700816
89431
443068
917362
708634
28755
-98652
576393
501321
195768
425270
282047
868037
411544
342203
176308
404792
861960
154919
332546
87162
876676
-63410
-69620
-13152
944846
306314
489351
980290
531205
520580
28802
358887
893074
735863
352405
26731
543083
189740
377256
992419
107826
520116
233305
624376
670152
600440
391097
577857
318838
935288
825182
693887
674179
753432
911389
615900
359242
208538
11158
914289
-19607
705866
430802
716142
-60171
188355
878714
369109
354271
375317
581830
508104
-60141
12355
482363
596409
276681
-40549
605007
-27362
888238
887617
791331
543565
222627
284882
94330
610854
157214
873590
950213
889146
462218
987077
912469
79653
189352
65667
128171
897877
938026
887237
863038
337772
588898
300854
546543
995516
452846
567784
627730
603469
191977
705348
525945
895913
340680
555333
694647
71262
230099
515876
213279
251519
690515
85603
691620
895905
384729
570330
204328
-87050
904366
187951
469363
340893
834924
488135
197200
251843
666587
31126
563689
559255
9306
711215
189738
85513
82190
593150
609720
48265
692858
393531
545719
943159
700213
27976
57642
443626
365405
782286
820384
4091
609569
443268
364642
218891
854361
-7258
822047
313868
338388
396617
-89520
104647
725473
931197
232483
665026
252053
671757
292647
53185
845414
498369
208407
592240
944817
-2970
854444
615569
328809
324900
159677
532258
785779
739100
388950
-52655
893390
203665
539760
453608
422426
439009
882509
808386
461189
763235
752672
809167
55424
313873
870367
594439
423031
78695
582577
454050
432974
530872
989348
268918
912820
254613
586781
823806
726333
620366
629643
302669
533864
422505
873663
660986
990171
436016
195167
494479
-29970
187353
125579
763631
825503
804092
367228
192144
471619
884580
88096
936054
-60021
503472
643940
227671
302015
802076
736383
898438
975424
-79988
654296
902422
288181
356859
-42459
21989
475853
598469
734225
197521
-41005
700931
697988
106389
472898
743920
723101
214159
671987
717521
829497
115658
912603
512426
616315
268508
648736
311364
-80671
896094
794691
767763
897004
963763
-47220
97225
185765
231203
323127
917356
743432
563052
-25891
851384
527295
857783
574908
186549
-62248
669811
115139
139572
196197
916659
926811
827064
248572
708943
632669
974814
334680
779612
338267
53003
144548
437039
626523
438380
912905
402813
676618
624910
10965
664440
585831
538549
663048
884462
628224
326051
144863
700359
350669
415873
395716
294329
537125
494649
32593
874158
331942
934013
424651
202012
923435
363646
43146
316147
999461
305008
425774
228413
-29105
-51814
194321
678908
25517
327564
960889
816713
808673
753781
653013
867077
332489
219213
529874
440847
-97879
-85322
799009
164324
253218
40064
424776
498826
619872
285025
278838
-75846
270863
176817
826209
-52001
441899
837280
781351
944924
125242
-33787
284260
815937
90312
574159
512746
852153
518070
65035
162280
462698
878875
57566
881135
925240
391756
489238
-43752
123516
770701
603845
950184
220048
920381
-60207
638852
181321
954275
164718
545755
113728
917770
302495
526934
212128
428307
275341
153194
-99394
-7344
760091
219977
175693
413503
-62927
553421
479451
58268
-66462
880523
645390
161560
940359
822889
748956
652729
173037
644212
821833
371161
866631
711376
520533
656559
756752
161753
63356
153287
69162
462117
49932
844613
312442
538706
611820
424647
447132
75441
-6664
527477
723371
716752
321428
680902
-88867
510990
599967
539510
804190
136193
376676
416719
279524
-50590
849779
-7267
601897
166142
658372
846933
246790
-89922
147228
545915
79234
482015
527376
-77118
586305
746273
92227
212756
17669
147780
603654
652418
945008
645121
400711
662747
856622
685980
90850
105716
660521
525093
832677
605205
811149
815408
420576
802097
637098
291922
50395
303949
807358
853390
828199
331504
405095
645390
-90904
772768
438423
517361
733626
782489
672218
241023
587366
892754
336179
284321
704711
440790
890112
320135
218550
-29609
427932
699479
834803
844634
664105
594063
273362
84978
702372
-94797
450221
24075
-9193
770661
222798
183997
345554
399768
652622
741184
696093
489498
281196
261365
789274
639154
643630
522123
165635
-17841
-42091
222171
361134
947783
-13254
708815
87
-21238
682551
133797
583629
-55922
538080
454719
406418
-8513
753526
748234
824363
902273
543104
231014
580621
697404
125753
515580
334738
817659
866411
813448
-82596
798804
517707
718377
695561
528449
955766
119791
500648
-13217
398826
584782
364790
898502
637573
526060
913377
584245
583079
387444
347787
771825
408789
526388
993726
331684
987775
710166
972246
918458
386226
565009
837915
350171
834961
922997
531342
485900
934194
497024
664854
71990
927193
552391
251687
930027
841377
560761
886807
443749
59473
420704
595573
-36212
177922
863800
836728
799809
314041
976732
-68013
124275
665263
724437
414547
940018
213224
621378
570522
368159
-83459
-28140
413965
567065
724905
437504
95270
502125
690126
221308
76290
230493
278183
34592
575343
-60366
384213
735083
951262
807037
617903
231594
-61292
66008
151202
518524
979650
325978
148287
277084
-9554
744742
191477
385759
78280
677178
783741
775752
212532
419279
-27875
745607
41885
803343
936750
807852
383855
690105
625406
407687
759398
341040
430497
91147
180337
633646
472581
117481
221203
643737
708478
847147
209559
612227
645198
744931
52916
987401
898125
425300
341026
729641
316420
555850
321517
90507
303609
971358
518820
765691
218466
617215
201871
147864
673742
583933
14680
372843
466207
24960
850024
845411
781991
828457
959516
575
-8771
304262
339141
508898
465211
894304
1656
956256
455087
505671
11620
481003
607093
417191
-12675
89574
-50227
870559
542128
122640
960386
-63975
837011
474658
340493
924477
379164
-98185
134535
275267
108853
779272
-16365
-8168
432247
766791
506937
985835
642238
865089
91965
487328
30549
907414
575677
911838
637993
982878
948862
187713
524084
438447
212340
88289
262035
901469
37607
483895
790288
533389
82778
582623
895304
-79485
495431
491983
950635
665890
255487
527990
97604
874019
197918
866422
192476
546126
849748
171642
671553
679989
-59313
630729
861812
988277
536192
522424
368616
158403
373797
-27943
455433
99749
99186
377185
336131
824478
735450
112812
893908
554152
814173
396744
120020
101123
875098
672084
989140
239347
222417
162823
51372
608267
878088
954162
27040
776618
495161
24314
326025
734320
882854
14642
845317
735617
526361
666231
771762
-90816
55692
183799
300932
212911
-3698
640796
785645
665292
404311
440835
685545
653480
111390
357625
471502
619796
604945
558025
74336
340211
606076
-32952
950037
278792
743627
-15270
-2960
318639
280612
822446
628596
410107
31417
854769
-51452
151971
-50399
622215
239284
660396
429444
123695
416289
702239
98144
-40603
786165
-98536
811205
314040
503881
243248
249779
306157
173578
662772
89948
91569
632838
109841
429148
711629
792460
-40935
741616
-87579
89525
167197
403223
218843
450038
348898
606579
164817
458927
81108
621578
-67503
719918
945779
690268
370905
786075
210022
147219
397967
-95103
435086
706220
519861
245749
611151
575587
745139
-9929
933885
771251
289007
342867
922723
279401
929546
94576
838087
884412
506424
852007
869850
914518
-93485
74199
-83286
-79899
929782
4073
806909
696302
669200
231882
298297
1012
750159
307316
324174
399067
423559
985468
647052
531638
-14260
871260
531014
-84546
294239
361493
-47555
480711
328246
925740
545085
310597
926465
133910
485853
652176
-35359
275720
470246
989944
247742
192218
153811
972000
387076
588497
595161
635396
994664
441518
502610
926211
775980
838271
837999
952646
409085
42009
561339
838157
49023
421774
335842
976713
422161
679545
851284
228054
278654
377335
781735
612459
509261
-70411
-36343
-40972
440245
916584
395983
916280
319280
716116
133691
62649
215407
59919
429908
-90673
211115
324306
-22267
127586
442914
795733
985707
229884
117172
384375
299323
877701
269997
484274
872279
838551
56482
-64345
828086
117479
731272
714950
130371
735471
508868
390754
32146
343041
986236
948750
403217
448407
52239
938880
618745
612714
825112
420084
140288
69500
603961
473299
743833
696525
998087
569628
138994
714782
561391
9427
101421
176000
914886
509019
869082
904252
261603
529786
646821
241818
989760
-16639
314921
923558
532979
783663
591283
328708
314684
909165
263362
679413
977857
936718
181765
89383
635407
892815
726556
615673
962929
98030
901214
967308
859060
467684
767758
490633
831997
279223
114496
740378
142881
886081
263602
606611
562293
495894
915272
324937
-38408
251268
400520
-79252
352023
726013
488230
643950
528901
110153
544605
264982
853269
-92883
270762
965629
406695
774658
325273
486948
683923
289390
603465
12366
165623
198969
998473
564765
204510
402113
865552
891452
734763
3310
782174
1378
510143
-60320
-76567
238662
488249
932657
79976
833633
638578
929091
993207
112916
63202
861979
750089
344025
924251
830755
171377
860775
613151
272634
766649
51109
83605
549906
148320
359233
-94722
601231
67694
463119
825531
-19514
-33192
999645
-57129
231538
129088
727749
990748
5680
239684
70333
679301
627943
989336
285809
-74937
836032
288137
934404
-60185
988124
296625
331519
324488
-58919
260739
244415
306920
133973
477176
139357
788135
6634
634402
473289
198773
694632
-50131
-85499
796336
380660
793881
938064
172344
800462
427062
505399
-54774
583497
-57604
442588
565837
300720
620626
223783
679581
435710
574928
192045
30354
746719
764476
455047
348848
224717
19178
667744
825589
323881
792744
137299
153106
-4800
230572
268228
207886
359044
768883
693414
526578
146587
-7622
514713
662182
462745
9775
395483
230749
292957
706543
958002
474238
79343
-26553
-52139
-33817
320543
822064
331827
142716
503622
955252
323876
514535
554830
657239
951244
953907
954045
89424
95579
275473
620093
339082
680471
940035
781399
711282
995965
793061
-36598
751733
48332
363887
963147
290172
994684
961728
-49724
155708
37564
137407
822062
488778
966731
41026
237019
68818
346080
173263
357446
573043
736556
962513
688712
150586
10100
662387
428347
213445
439590
163272
403367
404078
384579
54761
855526
753343
62301
-49788
444508
270578
202899
856486
249363
430141
517328
101113
924685
232176
920812
363292
45552
-84333
288030
887184
946163
377741
242447
444335
312012
236620
696332
909395
291675
-3683
927212
891288
53891
820065
377301
341907
-55641
168132
-51749
645374
133676
338919
382784
460472
164359
642335
61234
837325
811020
43271
293527
14139
967065
428845
753823
412989
848476
255454
-12718
-71730
69205
51669
895137
-83414
919981
507361
-17965
904164
622709
405297
424568
608395
914413
869398
-97618
-50674
-97715
-66048
769941
231438
977576
217539
590468
50812
397246
346100
425352
-8761
316394
883444
31979
93780
254640
182142
376154
635755
535141
618952
21160
619676
-91817
19073
267272
226965
332475
12539
20812
377927
252214
525125
887194
100516
170948
690260
202872
651005
982457
805946
546005
56291
470546
911039
176248
999315
-35044
785356
447128
525873
925892
-80586
309463
585141
539019
493587
142084
415413
917086
954537
987354
772154
622020
460575
895030
752260
472458
313233
-51501
264648
-31345
465343
646216
631629
13560
566487
904830
175351
299726
624431
906272
381119
334873
92552
427232
-59070
321697
718342
467292
106853
-93478
621577
795027
755833
709129
461762
124735
946120
11209
53906
406724
6605
400181
649762
795789
128835
131418
997344
711932
431498
59281
994827
-23328
474115
866319
612455
533308
653148
332587
571441
269461
774437
77212
970433
459268
57580
146152
127049
648550
-31713
12926
687183
114217
937783
205739
753315
498976
790436
47915
217051
322742
950846
820637
261220
-47600
-23619
46025
275756
381198
50144
357213
441211
377622
552874
555339
373294
282298
966243
531382
512695
463765
305674
673433
777733
855670
937443
972384
688544
-64282
494447
764148
919663
438952
799714
752606
326430
373772
421787
826756
714423
921931
390717
56980
780262
656777
776534
571284
420471
395518
689563
757330
311208
624735
635900
408853
155590
814671
567408
-6462
505982
438128
511471
61314
665442
947704
624018
996142
496259
393890
997757
547694
337032
54360
499709
306315
327224
-23126
187493
108003
331058
575281
520440
136703
312978
72259
808252
998461
5621
837294
143353
616990
125723
239666
508475
626528
923184
474019
878925
400056
-37680
240509
807195
395648
-74076
917957
666321
537871
179025
575809
497437
689343
910437
151859
487917
93483
276629
-89831
670704
831609
709907
302798
746248
-73504
351646
822636
688800
900394
781508
687759
933622
656405
-23206
162529
942820
149329
477125
220871
239211
468778
356565
669548
-73623
374869
513351
315804
853716
62278
149724
206450
700114
930985
251187
487634
375568
562005
310678
540570
6968
193016
112689
753625
301272
902056
564772
389476
470334
251344
394836
237906
-69627
-56850
826587
606402
189703
401296
-32693
723631
-26983
984716
92177
919891
703586
162158
660677
436143
677039
941698
102466
444137
763848
86847
530873
695990
523443
739693
451401
551556
627414
120416
137142
953913
101814
597077
850736
76144
216252
579017
950370
759390
-28638
428912
855012
953238
16374
226186
557922
542251
66993
450618
533470
729327
832368
352190
647180
907835
912205
756683
611352
986264
953784
879965
611075
919702
929924
933742
-72867
285995
130656
758112
376804
931118
871533
232440
-78482
866266
193958
477702
-51717
741094
308714
985467
656652
851579
614362
300639
845325
304669
813876
-78706
97238
964276
582974
238573
771920
300202
548112
-76547
918443
364756
199868
350303
359681
-48527
256760
926325
695833
247296
32146
48785
269468
-94746
827605
473329
363963
301675
629334
445693
893598
472472
535318
21040
468986
375872
880432
879441
413685
569995
69564
323660
-23666
580853
983230
502287
915963
348088
353616
72106
147530
237816
-17295
916656
407582
470162
608760
686929
936184
988548
237184
834948
652964
752245
327400
108714
248399
993321
829777
257425
73045
707398
149862
-6934
604238
241291
704187
88204
201899
946088
673689
870028
373381
-23728
-92400
843843
609258
542375
600853
853309
80355
992540
374171
870847
221727
24533
2886
552286
773946
650174
705442
797769
218710
451475
81351
782362
937322
252058
99467
450075
383459
745397
854031
937889
89620
-98864
-47215
360713
948441
514465
210144
274919
644486
691214
638654
144631
296650
486582
83951
305843
348518
744028
513834
608510
136339
9199
677859
633518
473394
605344
70726
534723
666872
850509
-55697
946676
60118
792841
158306
424288
978772
-57065
-80270
436336
615552
561904
188684
-70713
165573
556617
452965
683361
604737
764088
422461
495495
840697
202181
341760
225963
949765
43775
305381
130952
930803
986306
433015
496473
690605
973661
-61033
716663
897529
882743
561779
847608
384594
765006
799231
106094
350235
-60854
15866
445704
-27127
364539
172940
34154
431748
245744
582384
-77222
770665
400806
653882
791784
242498
190450
507997
-43480
24074
364567
-18260
860649
210543
725080
872406
976232
460449
-4271
701024
-60210
357115
444655
469643
851285
29225
340371
215316
645736
116045
930505
-9505
102505
677694
-26200
426471
937597
722124
19785
879824
802248
746725
535316
813192
914499
101616
13125
708053
889157
766769
740561
559533
99243
554240
-99137
834462
931594
207385
992305
275393
868678
961549
939661
495520
630889
507847
896677
931327
673780
44240
963543
50739
228863
620225
63810
129301
595454
-77691
79796
674248
869632
687188
792048
261427
-71505
134564
924108
81704
386769
265953
693275
251625
76478
735657
-508
943963
-32966
622221
704237
39123
167239
401232
640479
286857
317903
-59760
683558
468903
124632
109336
178571
280025
91777
457392
684134
934954
793403
818196
263847
15875
913927
904822
904414
155820
464403
796760
978286
984090
937452
676040
-74375
128901
844410
125938
794413
681363
943573
25053
735756
999954
-62087
676272
-73829
475371
465652
603697
579733
901253
888572
561785
253617
555987
901524
428988
-40599
908942
-81143
276892
635766
949222
17283
120048
520376
977312
696825
55865
586994
140540
856791
868895
348939
284214
575017
533745
5768
413113
-23647
876999
556645
441401
912962
384349
525371
190875
364510
134595
537921
532519
492587
643674
149015
816715
802221
201065
-69190
840178
-41467
827358
120434
-96265
-44036
935381
913914
944940
637478
905453
220050
816675
-49474
963571
-28159
596021
901542
650363
768332
58606
523530
579154
535551
132987
-34013
460141
-20819
477726
-65762
260849
4349
745631
321224
700758
542089
159000
465960
-22800
963092
73911
941164
-21830
95911
589420
717247
773630
502157
430492
634429
70487
53806
132957
518893
331967
106915
331458
-21359
792206
-34317
350648
62944
865849
956581
50782
805174
993162
801248
816022
957312
625966
858244
924504
628024
344056
-72253
28466
343192
748024
133817
115587
85111
202354
549029
981103
437220
-44118
-39710
696338
264789
-32291
531114
988230
810595
119145
302496
768727
48082
87327
39731
314903
988392
657411
-44440
239675
44647
773838
535006
189138
233988
438511
485125
195141
125845
534363
320167
823144
936740
373231
41081
328720
326471
177076
392038
980620
-70701
43802
252768
129803
5476
464198
940557
643352
554078
-44164
886370
754997
137361
858802
542976
-3615
520408
707221
355106
365825
-75042
472386
755996
-37532
467381
759572
286478
561417
718774
-67889
325777
708093
322572
856408
140294
240885
330909
864872
514277
-84040
565188
947999
175283
23922
156398
-53216
517299
264571
698789
610386
643258
110186
286339
-17544
220269
-12415
-15861
372887
454192
659604
230974
921802
420877
899130
899348
288057
358753
818154
774009
26120
172292
431782
57691
984105
951065
841140
978828
568183
14559
152221
616777
647309
-22549
247213
293323
939401
734165
473689
696585
930844
948940
603686
698320
930631
478103
357513
861624
-78445
904276
-23340
470998
42229
182432
739992
181839
535571
251666
459472
253898
532102
-79815
814746
118682
-18939
813231
-95497
555125
-64243
745131
178147
296141
554388
387644
679136
157873
912167
509245
-9750
351845
-49331
709994
125064
873720
513457
826919
74503
-53625
892179
420848
507580
-75830
245463
674570
987268
759332
635700
713350
624633
32074
933804
368444
755259
20216
905632
959633
-86613
216262
142761
-38145
91856
931007
622971
-87565
711410
771497
416070
909322
870476
209518
-21416
490713
955249
208113
415499
868736
828741
192423
189717
936596
758948
754570
869459
-54216
889706
923751
599434
474825
816297
265601
543834
252671
128292
458092
-17770
421359
363065
237630
686466
98618
-31898
30386
332774
166110
704418
848764
765845
823863
509036
866764
29677
-74674
659362
763450
295093
-44709
392191
813826
498392
428776
544672
930849
32131
627327
626023
923566
607609
836661
597993
387819
162567
114495
969420
407681
25334
298060
412274
-46464
287535
473552
268023
315596
682958
948089
660942
-39853
906359
320217
938463
499819
126251
36056
443671
859604
351164
991753
398061
167483
75828
210777
210287
231835
426599
477248
690151
172497
838888
910469
685388
288986
983329
366321
-22901
555355
-14560
458390
165985
263812
349543
139777
162682
497964
530020
399285
837407
43299
546574
338129
436504
648582
514943
71228
11399
887435
384124
914845
825713
165321
709919
312340
494190
647429
35417
760994
595532
163870
492202
206434
39469
131740
45641
54012
-49820
188696
602409
997116
251149
19495
273448
781938
978857
237168
958929
206351
299173
609386
-93691
779531
874913
217556
952686
790848
397345
679118
115544
842248
900875
49045
787186
-81647
185257
384956
582570
187675
-87602
927610
-60700
939869
500605
266082
61338
306804
182234
256011
552790
479972
438506
799074
838335
187437
19553
275377
682645
-66643
297265
110582
730185
957756
-84251
332603
256802
150026
537502
195366
-47283
188276
231325
790033
741190
122782
241813
767704
739255
782680
641286
577278
119764
-41206
643680
981900
796986
75151
317255
716687
524490
223273
44623
533336
499065
825717
810926
701326
958504
290067
824819
636696
229072
170545
-21471
843653
500971
516559
429422
492476
-68130
698132
305629
383568
865050
150554
295095
473487
799591
265844
723148
942802
428612
234717
952902
38066
297455
774759
567015
928273
764908
182139
255650
130486
650841
178349
208609
-16177
610405
634612
376340
243403
529446
878665
13411
977258
69493
86664
39430
537228
77574
794534
802041
788482
523886
481962
-26506
981054
499814
187640
651053
412905
730273
26249
717892
57754
580641
997006
2567
550485
569774
645559
416763
942326
957033
803555
59255
274877
-992
-69786
873626
47284
33058
916613
618513
421550
857676
1063
574891
-14823
278057
196541
229802
601940
643833
984931
844147
535460
441111
848591
893932
62750
306285
373105
83386
578901
809425
-44595
668552
10913
154690
92089
47739
949756
905286
372056
462190
478764
606545
28949
806979
950160
135061
502709
633366
-1825
639040
848016
819170
537761
629072
49457
182390
369093
8422
893607
461803
48632
159744
820542
986837
139107
900388
749867
848516
578190
-11669
-68999
119534
171419
141693
80209
31904
92693
675296
563523
256914
-69
182010
84891
779230
640027
679366
116203
454007
170736
198452
567826
-98992
390914
513218
862380
899000
-41936
652436
374913
-81607
824439
796346
629450
604984
806983
639629
440510
719724
671181
616695
807587
-4250
195423
753228
791094
64096
987725
-66883
-6284
646502
891286
358533
866571
691111
875364
881973
961522
329595
58879
-79174
-42623
203864
349835
453635
353059
239573
823234
639481
728097
397508
823410
799193
732102
204615
159560
396479
202486
221658
777997
282588
-37507
405033
491667
22134
941169
468046
850026
354344
991975
465723
927595
779273
915464
725867
723143
35202
635131
828491
676608
393034
618730
962550
165207
634544
487891
446806
808200
672340
361874
174151
80973
364428
527065
19748
905627
815131
