139
765613
566273
865446
414703
869459
972267
337146
129141
396720
-50203
302936
701023
206098
956670
540628
91670
498601
350647
828004
265000
290571
207868
853307
420506
-58767
-69387
91734
-22725
341413
-59219
720415
202068
66274
198845
-2923
947349
525848
815005
956465
168610
905081
158948
692946
287933
208638
878244
-32466
253595
760006
431829
692531
268669
883562
368970
666180
-58731
367249
474995
601493
39592
636630
250192
574176
139110
-86608
136991
372453
676629
196051
375462
94520
799658
537502
541477
755065
155503
986649
499168
-16553
-96343
399286
292561
252264
857959
155240
799421
782278
110987
278449
963343
827034
-55339
17312
542955
397953
686149
564478
-49560
-21149
686779
633660
297903
718137
728084
873737
993269
735527
905412
547364
623737
668986
782283
322558
262347
968159
-38176
92528
872966
721000
-96742
668093
880283
785461
323745
272313
563027
96265
209880
560607
227291
473667
542078
461116
-62992
217608
131419
176430
624910
806018
