9325
364763
723242
-58257
982015
387032
225580
712926
667916
729297
692779
380391
248559
-61428
627619
753386
597457
770740
531919
393753
-8932
729602
949322
655196
-75401
346003
992323
877753
361661
764024
725594
389909
339653
542121
847035
864236
658788
262300
695875
-44943
812918
-9722
275136
790058
56385
456271
62925
655259
160760
339552
753434
849792
643365
863226
187546
430797
18520
959501
688278
-89041
643888
542861
319091
923085
663551
988472
-99025
179714
974412
371464
920861
405525
-6798
614334
318865
383852
129406
-99330
159365
290795
648951
360877
222247
373056
337551
580666
181617
92276
480022
413378
214176
-57744
729466
524311
56161
284284
36168
378660
76408
386935
-90400
583877
437799
339186
965799
-75227
232410
218905
248837
146572
925273
823979
379546
925021
559928
651681
772523
76275
133431
39316
273670
432806
488896
914744
2305
324186
198558
723161
772163
437053
803252
520637
331577
661860
932118
825273
475301
239710
-27277
79081
-13869
878396
-98294
276905
823173
141619
320628
584678
191520
18244
-88110
246294
169989
911562
675052
484899
986208
-54492
763251
370319
332416
631571
18175
-45609
575354
998894
11688
455717
982803
238946
-27854
920661
714773
867185
492718
54059
973885
743131
787988
891797
706342
684064
496696
631172
382178
-51113
730277
-11696
352307
205298
502251
638565
424518
306679
457287
983070
198723
-51789
897230
563005
-91635
807373
748967
583265
152455
683283
298485
131347
223053
-87899
145103
210634
237876
866405
875373
233389
775506
-20381
671998
734938
349213
257525
9687
76907
504953
-10154
75317
-65919
558369
405109
283865
448009
636114
217508
801580
694374
180999
961826
815820
-25624
255522
-29582
238296
184815
375501
858982
546499
326282
409887
201614
965661
445179
897666
737598
154227
159995
827322
678511
798561
-20536
-4856
925483
512733
714476
459502
714339
-61667
681768
642981
742658
862434
597689
825664
253676
362746
505537
206508
683583
298971
-74729
481510
391417
776167
286189
209538
-67171
26814
504220
387838
168754
285647
263822
495350
538926
-8130
651404
356102
979676
975337
310717
953612
646910
950555
929982
428253
359770
444467
887343
-67257
800305
216958
637284
659601
195125
721338
980847
324348
753144
363566
413385
21648
562419
-25985
148357
150140
147835
-81371
323300
380189
71437
166697
753564
187674
51767
173080
444611
505671
811222
741420
554643
926696
186974
-47201
662233
622861
105196
106250
898316
517059
-36569
527647
-99746
354712
961052
481400
655675
84872
176077
415087
292798
426862
943933
454878
-12915
943687
112477
596425
323828
173301
823542
978954
156815
679579
196913
992524
736154
272131
232380
969198
904766
592531
797139
227426
416736
354169
983523
-12194
529823
-47103
439443
486242
247410
676677
653584
48697
856050
483046
268015
98611
648205
566780
578281
124637
890459
844128
452540
833035
580134
-26672
853641
714585
478290
530464
858798
-9825
896896
459970
308624
448226
137191
741247
660912
692005
222739
-148
-80475
467197
334361
-20703
5948
-75360
425212
198845
176264
987321
17200
6898
577376
226414
250870
255547
500180
930344
296915
194834
208679
963799
510886
569323
430316
152072
49263
757521
104257
830881
205502
422695
387100
347349
288025
133261
540466
390915
302592
603976
940875
182204
309811
328293
430078
-51086
963193
20394
413185
-98365
-37925
333252
849552
979961
198595
277860
655569
941380
49053
731144
911151
863993
599657
32494
-74312
805942
894410
990577
569918
-40552
910468
487333
954123
-50494
-55483
898536
804670
414765
912850
491801
-56114
433873
236814
-36028
725205
350634
793067
347758
759848
324561
173428
808705
81207
995211
556746
228860
731119
854880
766684
586273
101582
-63978
596706
178318
824235
29151
104914
-65173
839871
278716
751483
276110
-34192
949851
913374
389436
242229
-42259
662573
659637
893156
991135
114836
460286
694257
271737
389282
315703
722917
652612
-44602
193954
376590
781621
569476
501061
314050
553389
685455
223698
233416
804314
91237
788481
536783
31188
717688
23627
371809
776871
675269
711563
167506
760591
936037
877839
162370
599744
577867
589313
367423
105411
260911
188681
72545
402514
-79711
622002
755176
757504
90123
195683
-95734
377025
277495
454043
157841
966071
746108
592287
693466
548349
595106
585442
420393
46853
332695
369785
235867
239531
55379
329435
596404
-52581
105077
712583
365099
970705
212048
27447
7267
314260
-10159
880576
643182
621772
55881
99903
793063
294452
558013
340822
581948
940794
425848
522586
451311
167169
714081
716579
818557
928110
784958
-92964
376438
312852
89248
436619
-71207
272379
-54451
722191
756685
-742
917944
19686
995442
-15898
821864
982365
34404
943731
11347
125289
930645
188805
571186
596823
369301
147043
-55493
178665
-73012
-53222
40137
100282
153306
422215
214625
478547
256117
39652
575795
726616
305759
138873
691575
929902
544174
727860
-11365
452313
336758
859752
-90549
880617
786736
47402
372989
258906
18953
123755
362187
804618
978131
247918
780373
778684
-64462
739144
774163
984662
711314
865305
732137
406680
709556
652360
530057
923361
243977
877772
998000
-79667
464212
268209
381940
112722
83776
282459
453950
385981
92060
904848
793696
612154
63647
928507
776834
349392
434577
838417
664801
770412
851151
894731
128005
-81532
182156
11856
218176
438016
192254
720661
-59353
698821
442806
631266
865373
644488
222180
-59289
815681
925253
585793
32581
627299
234810
702945
730296
269130
601936
-42359
-11553
332880
697367
911772
-27126
942975
-43735
-86519
495992
325812
975045
-17416
133443
180173
423697
205032
169921
423028
32279
546759
489995
488892
852325
298330
387010
693701
523284
581918
411140
-56683
670033
990820
899704
16230
159936
533611
593400
673784
769412
-34036
405057
624563
696887
-40546
884582
35562
32345
300093
303068
173951
431677
188607
941968
966011
698638
-60888
712031
795706
655543
564560
58519
41641
607690
730700
592206
497667
212231
650063
990789
179368
700381
761999
651059
648630
436392
295032
193362
440498
972735
860668
137351
887936
112981
164353
264608
73649
321946
565335
-77855
265356
199462
83524
263599
263708
422942
657476
291962
434707
194676
418434
627750
203025
-56399
440465
206406
-70990
102425
405310
963663
505137
547955
190989
725603
479351
163787
207268
721206
-47916
-47614
161268
956505
735800
186625
-38491
821668
203925
219833
-5991
702087
113506
322449
-53704
272108
490852
564086
793408
752315
88006
83358
59269
386131
211852
615822
69482
749680
491085
841275
172108
862389
877729
90547
280682
739250
628129
362587
317318
-59019
806990
348540
330369
979955
84116
838883
244926
217943
291737
839800
934934
23465
765071
566994
208007
133682
266624
646321
55948
167529
555105
214373
613158
190772
325271
384158
41338
899818
947811
31734
225946
134048
389372
650084
583403
64596
171497
374637
366145
702073
30365
791743
-46490
-90023
726764
804213
328708
775903
248825
672633
472116
919175
13287
497392
758981
731007
24676
802022
782807
-96443
480386
513032
283626
580813
467326
792282
842439
964097
491146
974144
-88112
912232
288780
638009
-38021
128138
741210
546622
719248
950234
-9733
537434
704018
-52620
911859
581008
477657
358458
501088
600540
619109
522903
940361
361347
330621
535333
107397
266747
959475
107885
465261
-67779
183727
260694
442750
-69593
278905
732540
848565
-7261
37848
695483
908140
614159
602608
25246
328924
992731
219274
298758
829569
446182
125497
963693
516143
355511
-56713
211548
356547
40109
40294
436713
-1198
205724
662995
722142
982511
544978
14459
174316
425785
320858
451972
396496
654984
15104
45874
439198
130028
-19697
845629
421783
580023
91575
697048
365693
264342
239412
875767
170229
357550
-64310
679781
122417
369372
669368
157822
702860
635693
888734
148461
336320
630152
807080
208870
607254
207452
241068
75489
834799
340845
382708
56964
141115
279845
536278
566059
189539
619534
6427
772183
56389
744020
781433
193751
-690
387732
179054
859574
-51246
-36681
957806
666694
909219
112402
118659
683640
747542
857403
48331
861764
549030
872749
486706
48179
82374
270434
344145
216969
-45833
637901
443318
670827
243550
623142
648949
72610
-84911
664765
441530
66532
438203
670232
153481
942490
735841
917619
826171
665620
205733
738982
-2152
916663
744520
862704
925347
712865
893665
52757
701673
524770
155562
63902
205136
588937
9880
636986
597226
908268
261459
292586
715674
434476
915023
477720
-93388
-44425
631161
-28860
878931
134836
89846
954731
662301
323041
-91662
133852
-37665
61280
218573
349609
4464
737730
-86903
596780
71119
711319
631038
996443
930075
254908
863094
763259
713079
121399
595301
390627
650058
650917
41617
475681
925231
848458
230379
787895
75887
237528
448145
283545
813520
612492
749488
424945
780713
236876
630614
958743
862828
785624
-83486
999852
930596
61304
585951
93656
675348
195510
917538
-9885
122241
3892
240695
832144
68743
970006
476371
530249
772510
108119
294204
882903
912798
36805
216200
84941
260547
419647
560926
797247
-35789
814580
488651
686140
344387
-12562
820711
805424
29080
221895
2811
804988
147216
185726
510587
105128
684636
442300
-48275
767299
606323
850358
256024
34640
560409
386364
124642
649693
854971
668267
249680
749672
710668
875258
191573
526593
870614
430881
902513
-79078
919146
545425
983547
175873
782097
307264
128147
190852
764336
-47374
950559
434974
143432
556968
592373
511738
707351
690838
803030
448160
673185
780071
958166
648824
515640
95368
391398
874461
316698
872265
324808
651054
472999
943036
659807
747522
-78240
694833
389928
749413
684114
264678
687932
265192
96838
525321
273180
743220
114699
711443
245595
126444
546555
606008
659508
115178
519061
68726
947280
810640
268141
496247
328401
231381
630197
426856
-61527
462075
690485
240671
812080
751543
982983
67846
908938
243273
481817
455153
302786
274718
657353
424884
613092
-14840
739047
748057
486068
434425
354975
877506
370492
492959
628488
997320
593855
641965
884874
429601
808696
619509
343767
415492
270596
889419
792593
631559
412293
655636
16049
270700
969842
261778
33707
449902
333406
755034
182507
3514
998199
275298
72502
562249
743116
793192
51594
48731
-25633
611855
331349
637922
537855
504581
983396
643971
963584
612026
235374
459965
524386
51379
990218
442829
243827
996470
665065
501274
124856
74770
87363
-36055
793965
272522
338709
668766
154849
901442
101206
-98296
676575
885238
277401
985253
-7238
114124
127825
470180
966919
695722
123952
397556
445927
723570
50011
663302
748557
781302
704692
26784
292926
800673
208897
727089
210114
773136
379584
443606
728111
207328
749815
-82537
378542
652507
495649
456226
-50978
260806
916955
836521
-79299
684823
348269
717412
84286
658480
10436
767962
113708
597465
595007
-96175
124788
939746
778277
720568
401390
686999
411083
357327
871194
-10813
101935
979021
-53156
139310
569830
405819
198475
290853
710669
587933
633880
128263
600280
169635
57101
628481
711116
-77306
502673
662790
794968
942481
647825
91111
648567
724514
376365
116702
571635
8589
857120
437062
578032
475247
156647
496558
268656
249979
154660
2717
994752
92644
819225
164863
272043
752714
235535
123652
742089
671557
111537
926628
755878
903011
17445
711517
791173
812011
639211
-79426
544453
571965
857676
749804
23852
500504
902838
993707
571634
125415
704856
551833
431146
235874
266582
558541
219104
175475
502575
712760
6168
-29353
136369
740438
425208
513268
609746
878021
997005
14736
632702
877345
786843
353276
20220
18489
499757
-17100
428150
287100
173788
668865
728324
917039
-2913
76732
106068
167191
660511
70221
464319
375089
-35415
946341
959230
-66675
575089
-57546
815009
-42362
903165
254350
623774
419575
524099
587204
265873
422201
747078
470635
995194
229875
274569
-55099
666459
348024
764537
23170
-47772
217886
758944
724225
731759
230022
491073
224599
656458
493859
301204
150375
142123
886607
495768
170616
518348
522187
814588
135809
543018
-81577
255068
571058
702940
232415
442802
438036
239339
319483
885895
53101
566916
-26866
194747
400713
20104
929906
640650
18984
357530
748492
578004
25037
413958
544744
979625
939613
523090
389745
199140
756655
506648
429633
229022
532385
541891
269777
-8844
818124
938273
356516
996304
32904
-49704
326984
688418
697911
678145
562815
839740
578928
429790
576575
888322
79979
239341
305123
714396
640886
412061
970371
226976
882273
-16363
-13798
298338
726830
560727
371661
554046
948659
371457
133531
725473
789481
59574
80379
528369
-8212
244204
267405
591612
509668
766488
-76287
330280
674483
139946
725718
198385
877891
508743
619708
942433
234317
295597
-37694
560070
617662
921980
492772
250676
104651
975174
301726
602059
302077
979682
532965
763428
643968
-19038
767268
899862
425684
-84373
342529
103926
680634
-79692
649112
935253
648152
226466
244187
-58091
179730
23662
345229
578373
227419
666430
392906
509768
636311
560825
-32940
781349
128396
973747
393879
473353
709987
930405
259279
716401
204312
952299
263050
54442
655624
637483
744416
841099
98357
6353
142873
485406
48169
905351
976134
272709
964452
15952
607546
404933
701365
660469
861063
173279
787683
401280
709043
-4137
648175
227308
154647
922023
6900
746284
38108
338402
896915
804940
300432
131845
867462
392662
563366
-87463
236308
267270
163365
63290
894796
985894
454827
738342
471925
629217
664733
249307
571657
-58408
71204
98992
850439
414904
32554
-14044
300423
166057
243145
653976
599642
53979
781808
300961
903523
122425
414440
-40351
904670
978626
593345
447841
646756
679602
508669
441102
587717
598390
829884
551825
-48437
8586
-78470
409663
232804
907040
74481
513611
411586
109611
246429
887281
59102
814639
672311
761355
645016
586603
56290
166969
128125
327730
-2108
758864
237
435695
294754
626824
906336
891137
238938
235597
918274
962515
542501
220841
646983
-13097
102403
258112
267748
730731
937546
292202
427251
643329
-30800
-93997
250003
472514
840786
85526
-8187
744557
-52688
679772
585079
572172
323501
669592
807741
770952
290039
402682
123521
316339
518667
681038
736532
-72687
92446
585920
841238
235821
148909
276859
815692
519893
470812
762282
574115
632358
329861
590550
209141
949369
488031
62470
-92911
474929
336190
793859
446538
254128
245421
864959
999071
916246
884598
785912
641315
201029
523525
575754
708252
234356
920065
218850
548594
979078
832144
714712
466730
827061
884409
254057
484697
631046
95672
38579
701583
416720
-54085
48272
176062
69588
296897
-25002
-15769
704736
398806
895285
-13548
-64678
639285
454409
932791
82490
436900
-4622
397384
33936
733054
295280
704650
469421
31339
456475
957850
874958
841321
871250
768493
54262
299234
724064
-76164
693564
906535
860231
-74166
364039
876051
268812
672521
956898
-90061
498761
10253
424896
392662
969264
682590
-56287
442685
91705
-38913
583145
337534
253733
317344
853629
415011
324706
847748
663859
891934
903106
271462
845141
71495
444432
413292
542575
552985
885616
-47998
345646
348712
8341
912179
682868
669426
39973
997374
528259
813143
721486
-47387
939601
695498
394923
72629
368206
444280
706749
398195
930971
471886
568383
792890
-86379
573282
849279
698491
328502
848798
521184
710466
587872
286643
464725
501010
875229
-44390
880954
523030
739278
860975
404630
655787
830916
406426
44865
742636
183896
461802
296063
332246
252985
125639
731166
687600
-52181
97601
536095
799164
958959
868259
819806
124901
524529
562738
759470
162134
988999
313348
942566
667240
947315
829493
153307
998930
-97929
386031
729771
305715
248770
505527
490485
941098
514136
760388
766966
226894
471203
26649
549461
767149
466081
197014
230175
623827
770269
78302
825226
136060
367775
964778
99648
789490
429432
808172
647796
605906
934805
50315
-80097
809805
391080
75356
946345
623750
774501
544056
539877
359418
-80507
136600
-49540
780637
37976
305194
533103
649070
319725
157815
72947
511217
-8590
946109
941829
812334
436200
904701
132490
661367
398493
-77958
872338
255068
675844
999002
192986
152181
-26497
643114
505107
684482
630081
277715
905691
417493
130523
157674
36051
523837
313649
-16739
137178
983926
630973
756109
554190
972396
41448
668064
183606
834086
698806
283022
200209
757771
686145
224864
119648
832624
558067
581607
-78160
737154
777444
328973
176056
895628
353010
530154
141273
787562
318034
862347
848563
-26018
225246
488189
716882
-29587
381230
293875
409245
287501
28941
366398
283214
317448
247801
809706
210434
21162
828172
636197
670871
858702
306580
533480
165441
662581
444056
598815
359842
653216
726411
611895
911894
142915
471255
959035
489246
887144
543185
917042
835363
336874
272479
593605
12033
577988
69332
93906
690339
755018
320190
314056
576040
529078
818902
652066
180199
831765
995953
533488
-81885
133483
499926
965182
124883
563359
-7850
893693
-51322
806548
621046
604448
202525
286026
-43581
912648
790679
124176
851386
281639
457262
736529
802781
528523
85113
55426
708079
991566
16533
707806
315334
9545
800080
142417
234421
138351
914728
767058
-655
583518
94308
163359
-3316
834680
934627
364424
139011
937982
344954
446435
789068
665068
472456
-95937
445639
605527
-2786
19039
732627
-87502
378832
495740
102963
459639
352477
748170
969061
437867
634783
812240
331276
574615
450615
660069
88323
490028
503875
97524
398380
390756
-46089
204673
635408
91887
-17413
882231
37918
97779
59880
137524
29546
359215
-52220
821669
784124
254730
642443
466200
382422
937660
33414
713260
920598
226333
979971
96794
798135
60947
200612
333001
-74108
-38710
-24509
99947
30996
754754
923198
271646
277859
386319
476625
265837
399544
731028
113917
487464
192222
473484
821152
350132
899822
351464
711926
752964
917165
79632
551629
919662
263108
77420
680995
73360
440120
239567
824801
412965
261517
215019
330970
294950
44033
781473
966929
765919
-41066
413264
-78970
317852
854600
99015
-51925
103712
412291
945491
784214
367882
903509
620385
575216
610159
934754
663636
108198
354058
8056
44077
725759
88120
570962
969379
-11225
815093
274189
565750
897816
587000
174934
-74578
274165
-53402
787394
533079
468379
555748
16162
655483
302479
598815
139020
401692
986697
419595
437569
11337
-2134
724189
434175
656680
706084
150321
863139
-26367
529717
142159
741172
668789
-53437
627894
368064
180911
-21103
411677
955348
-41793
149372
102458
449077
370836
355939
21604
25043
422088
260197
458492
885642
447448
374401
723885
128327
38193
205401
236103
841819
680354
897193
307522
639631
744842
800753
-46298
529673
638044
120953
784857
23054
-52933
995147
133963
616637
212247
-90578
628386
269639
163344
399749
851234
326470
53709
329306
382686
716330
792091
12122
817264
521482
104462
-63533
440365
607629
862373
787016
734773
953819
-33216
139337
367049
542733
455306
558591
327928
575045
377577
846352
31017
131301
987768
499647
632337
282547
268517
476665
555655
67816
120790
474889
747571
109705
2674
287348
972186
764024
822827
391517
774329
343942
323445
576645
646536
376965
281043
1371
259576
532044
634824
740009
299329
872797
382338
863437
772285
727325
149752
874716
288332
198690
924173
62910
480848
835435
327922
200200
776655
654223
-83768
874734
670703
190719
199750
621439
413801
-66757
420100
496609
763261
910568
467052
214023
560575
809845
789253
291519
103028
902652
725667
600860
807215
-59022
633258
-85829
593995
760447
435742
310819
-76981
78287
38729
541190
339269
713694
620009
-14498
864780
102591
550347
728301
183014
481777
610445
251789
765228
213260
51467
95443
-29103
906831
-19502
6111
315024
203352
688265
17220
234393
415898
-20927
786713
320313
333374
31003
629193
538543
436075
342674
411071
788101
757986
649170
548286
972366
647151
-73930
116767
483411
587436
-68486
688450
326529
925538
-76398
-60942
226333
270825
206843
924688
902585
832411
261020
913684
-44651
551938
27447
634242
305392
885308
511167
668676
216657
492691
471276
993333
752873
547225
50693
502022
203526
712371
-47083
-46770
114249
520286
809724
700014
101987
536558
87578
288890
716367
637953
924286
499743
759450
800999
779283
760493
99292
399546
283008
485927
299154
357838
979629
681119
156264
411221
276159
281940
639566
969797
485841
793172
727848
9502
433663
529078
941160
423409
573148
235112
978120
47374
736287
50366
978760
865132
984279
806761
173029
430851
788663
423425
190269
598927
195691
756024
52104
71825
379258
626025
789934
371107
491894
-88022
791511
823402
996254
287892
665674
508726
416811
827909
744284
47653
290064
601236
790358
420146
-64651
396717
976409
132548
451093
972756
529440
287900
104339
463946
451219
812431
731535
263257
300140
194450
769848
591518
970003
992244
478620
-90492
664884
687489
687302
937131
294437
795348
133643
435728
106476
956204
-76867
280103
510832
905853
489409
930616
21005
667974
757920
996114
37347
292820
177540
-26070
110899
731376
429302
728235
209559
900547
50023
-82618
768510
349857
549805
195407
714022
505335
610637
202289
-37410
233266
600185
287631
677279
757488
844057
356827
189844
202738
603478
669438
901986
570477
533471
222389
634737
406262
694573
61214
567463
44537
-79607
-8929
132204
909720
980818
302868
257421
-25188
741496
862967
751811
381872
173506
936559
542337
-75713
250396
415725
266267
716046
200429
638054
986058
702486
915629
74682
932246
499204
692684
451451
407110
716692
897806
307062
89248
-79014
970026
888736
562356
734844
771079
186920
61411
591939
355562
-91530
569972
211035
42471
870497
513683
484895
669953
320540
64850
792777
960825
243164
183951
343123
822054
827335
878979
845027
293626
377427
254127
43853
762243
701057
644087
-73253
507929
997353
237551
-16033
-30242
805527
272460
520965
769779
245599
927146
655484
807694
715231
920748
60582
333292
929427
490913
28202
525315
442632
621664
708577
-32667
30084
264282
552373
-85101
70259
975635
597769
708546
86126
807599
14104
177373
875775
828720
188294
39238
970346
-70749
49015
406273
209522
144884
644694
514043
201385
236818
754207
995982
365131
223792
240263
84365
746388
-16147
627348
193254
519554
880473
845342
541274
167427
473396
80855
383044
96896
367480
409575
684011
365170
-36891
38541
279360
439439
328677
433162
643413
367745
587192
643899
89796
227245
-9979
827225
948337
452781
985247
205002
542171
492633
358692
51737
115419
274407
624757
135583
371236
968974
222071
391717
488533
977619
938712
793249
682456
59606
80816
6434
285347
445503
74030
58722
51310
-65239
714787
50866
915000
715842
556635
510685
162015
346915
847873
88773
680586
505912
865128
-59519
235611
65265
12164
599828
362964
373543
328451
160269
258971
80670
807798
227715
896631
29039
147733
-88961
39636
215488
711278
802207
403177
102656
16596
869455
2580
86921
63458
422397
673552
193428
587628
310709
365608
530317
407443
482857
370941
429516
507558
56057
958960
975805
899231
993923
348691
983136
729254
728890
3593
-68860
291070
309978
6455
559749
931102
628977
896173
268207
277616
59162
583964
988682
672133
583792
794164
527387
814700
230890
-58916
654954
-39627
68642
109598
979649
-33915
276214
933895
340682
585183
760358
751445
722699
879435
527558
-58612
722753
148653
782279
361063
105041
-90635
321596
462205
707959
670369
526744
918764
440528
636107
435312
239629
484913
771469
379398
308998
46097
453782
-74360
89318
440484
191781
286344
698424
108119
655833
-32040
557978
521484
-80949
683417
487254
550825
972178
148882
990502
580426
533591
86319
774379
170852
315036
731322
-71619
602230
161586
-12043
301202
235178
552739
940585
540641
383210
714995
550292
362475
-76794
-31717
776989
642926
87517
953757
584259
85749
73966
263594
896633
184074
230993
581133
-25162
-96772
365100
346960
585387
310755
652776
678090
842856
675239
114611
569766
955481
-25192
880068
224607
397933
371309
437085
723229
838182
837189
697903
748787
50664
736010
292839
-48010
812324
687762
716029
335824
898177
-9062
638402
534509
795357
316486
845043
506518
555644
415514
241805
762554
634362
507978
971929
762099
476451
80324
760722
192898
402868
-64647
634481
819979
22051
40105
28285
117350
468889
-41170
104015
706089
878268
20549
966053
231632
22811
871115
577683
86879
155951
376768
684918
19083
528337
642894
-42741
548991
39510
866190
875753
-35414
684495
80126
-60818
287946
325328
295012
588883
232153
-37570
250029
360552
590539
919879
873014
966377
979796
788253
41690
93295
-549
101559
807661
911172
857800
795153
-10414
436858
385006
-40820
630508
348727
559033
528436
866228
-86648
265587
890023
592534
731264
817063
104469
568321
789544
203058
677893
-43109
-92002
71819
-92254
-91626
192352
165099
483044
923080
72073
531738
839061
687544
441381
-49040
919492
790507
983867
203895
219697
829613
805358
346371
621027
202155
859549
661407
865992
720553
879900
8217
-19906
796077
513903
432206
543379
203499
811310
958797
358245
600843
152848
597785
376024
202498
857658
394812
674485
883674
452885
248200
680717
965428
160774
403745
305817
360951
-20711
507834
635561
800627
774719
603850
846182
312829
126754
-87351
-67056
623543
752240
537852
73348
500726
50345
64939
997490
790043
244351
-43657
935619
538986
40543
766646
388219
893592
419709
18787
57871
618250
100260
305943
236459
18417
958011
566174
-67833
494322
-99147
175904
691117
582088
720190
453310
613302
6476
866431
159851
666470
-98497
997697
808515
576778
933550
293114
935270
352139
841765
575023
942164
184634
809008
89840
756998
473417
396061
612442
403125
611663
890666
437839
-5884
235544
781963
84727
963640
428044
23207
297187
331740
731784
586049
313042
345693
510810
104112
759098
64521
373724
440393
934070
663171
929301
797549
48244
484071
831070
277341
937243
767493
336272
813963
981621
958218
515817
984667
543844
53913
618853
492566
418300
655337
-54678
258503
400379
-54453
493852
771781
804505
152797
-27490
131458
271128
115894
742880
153098
311768
-88582
16511
458886
587579
898407
348838
610231
714113
628643
402246
388904
700686
75486
285217
854251
-93502
627360
190788
577721
519705
314090
540231
557708
788292
698131
-55407
508813
152074
103890
477208
786552
244267
858215
513474
150113
191438
-86669
386966
-23250
70048
691286
929462
823108
873640
313525
31473
786847
493242
981306
691167
180540
636044
202589
854277
-61418
547050
-94378
771140
165154
633321
795883
768930
534126
194042
521160
843686
995051
499806
985657
239437
964761
380034
153989
601081
253195
980405
120361
543883
43487
587426
962991
-91868
279864
9952
317363
122930
24024
893438
579350
479976
954857
-88909
207709
499988
239721
877622
796657
993136
617307
318433
275300
364172
534157
667553
208171
250766
121961
873441
128983
581439
614362
847154
272988
432273
894143
183802
180385
15581
277802
590926
95201
680692
56907
90753
680638
333090
-83831
445036
947826
987130
34446
824334
542811
182167
189479
943174
270092
602700
415070
418805
496748
125262
500267
544676
838731
-5754
94506
588621
44293
279059
465902
150563
335425
426890
542778
561797
775064
874368
76507
629567
338411
951641
444686
263044
591498
894140
356661
975084
943072
283212
347310
557409
228634
815088
580538
699788
191024
733027
838447
-90937
822058
423925
81466
152306
21867
328225
996374
159947
858973
770601
231175
619143
641743
865825
942391
524961
903145
548019
695481
686910
246361
668527
700910
876275
691525
658275
-22699
251457
669506
167016
462735
359456
257710
576422
150518
226770
453015
327221
983060
203205
444118
2918
73142
847927
731259
545132
512499
882988
907028
387607
502292
-51072
813539
896848
242929
945646
393189
249011
781443
718750
797736
229050
977046
25132
850269
173725
679754
798036
688826
-63576
825141
652533
504486
677182
863106
75229
980581
-45159
230588
563121
530379
717725
476871
-90726
-8661
791830
261032
614695
828031
1833
219299
954335
-84042
521078
874841
678520
593452
919012
22009
158938
457050
549593
468241
903204
134416
897628
744260
280626
773076
174194
-1850
977878
925855
829047
282092
-73978
808966
580291
946903
461905
877686
-19094
711504
871896
187773
730774
61412
708782
-78811
936192
83120
153578
326583
724549
422717
850026
655633
766094
-23508
330799
-35957
907541
573717
24022
630127
263310
700009
250565
960460
340084
458072
793983
-63792
283857
262467
838245
44973
458449
423302
532613
356454
728217
615537
781545
41088
475186
122303
775984
151020
387193
542634
957334
406962
514471
62281
323341
404627
354163
298936
-1858
302223
366860
-21319
422552
773654
558154
-34752
200139
888413
938126
612215
551876
570734
-55974
93604
460130
-47550
797388
-98577
465712
872945
395872
-2804
63405
-99050
384440
607702
484568
389895
777209
683930
162727
974665
854978
846591
615309
437792
160521
89020
594180
745951
912669
313435
902859
386475
-10502
670835
348640
828644
909689
598100
804093
-88531
-59230
74706
247164
648034
213552
302318
31456
952682
123360
536292
575151
514014
932541
109815
760934
571775
93947
159391
683728
243615
97269
563983
575464
146217
127508
285475
8915
895699
442458
80786
993620
892724
142818
421303
301480
62713
83296
250907
398192
371307
846462
344801
959997
678389
186
865162
-85848
412548
683821
274136
-48798
551298
422614
565346
-57165
779001
683967
821994
673507
530466
217560
526198
669509
934218
376163
115685
383430
247925
-44164
410669
177843
588490
200006
23369
145156
336794
932461
481408
123799
482144
63914
556097
236739
961085
595778
-28386
242505
448686
-56217
516301
426021
865992
252965
83450
-97515
816010
158411
454058
935312
-99215
-97411
189006
454335
-76274
427365
953693
-47759
156207
186348
983890
188431
179015
648241
634869
385166
-41437
991526
585182
990423
203573
917974
147936
725670
422060
299276
659418
872645
-12340
861617
-26256
653573
88329
330879
859401
296211
720859
627848
535985
823633
349397
895003
269840
441630
875358
558548
674790
-71116
473223
172104
779890
156847
720469
72907
522597
591343
211669
724886
589931
751095
709799
948308
285656
-30233
872947
535415
384707
842954
139306
327089
358210
930262
522533
562848
-7196
491651
8429
572985
-50439
727295
424564
603340
460822
-10605
37479
173281
448428
357537
588098
465660
143221
836537
775276
304443
331736
416534
991183
467814
717913
387862
572481
57451
66085
555711
-74875
255819
862522
700169
165653
458534
606669
258106
325587
275490
28308
131644
725645
324865
467854
97511
-80171
348717
558536
414794
892666
392070
394721
82204
982340
789465
163669
92124
601722
407902
-87918
712090
57826
262208
342401
977521
800734
290741
824779
-24047
166921
414476
563847
301761
941999
787936
688701
286832
616255
440042
-34696
572229
938188
292338
-49519
504344
756686
565508
486034
394413
678246
828536
786929
362016
663272
607473
124483
491809
51102
900749
230752
868514
344121
175877
664872
575140
487845
858102
986746
372558
99454
484016
79951
723156
544891
199026
452772
816504
-20610
413076
910616
886483
50830
395281
273677
956012
22418
205409
-69406
276993
154654
505349
200651
126286
656907
724060
668338
183099
-38371
216041
960596
506768
930600
887412
526634
750035
959110
362040
765664
348355
225519
109374
374217
579001
342527
414751
-96170
383865
-78390
989738
742721
789655
133276
354281
122974
163349
826288
674703
138768
-38253
666114
299912
521087
189558
41933
136304
674017
105718
160721
800294
622817
38198
889203
847539
625295
830553
133470
465431
25658
-19438
373520
433266
8576
237625
523824
488054
943847
541263
583660
699291
-86599
493636
184680
537222
910086
783079
557405
208609
469912
-6628
446071
763354
901095
448367
796152
616640
738577
728014
984277
653802
125201
827433
118362
933066
-60855
778455
908151
818338
416408
-45740
351693
49960
444089
165715
723640
316021
887706
47072
36361
613433
-56309
507002
813709
505936
512572
449085
-80552
902747
884963
790212
573331
791774
807520
364298
804935
724775
893051
834412
268035
63581
581255
887744
212684
565825
367767
92399
198133
677954
258816
52732
271377
53722
284235
274116
28512
752239
10997
544734
85938
123776
933127
-83864
899726
777300
67288
251874
978853
698628
868296
852210
816653
268374
537094
-72677
733783
424396
727465
901032
204693
221479
169201
422431
81980
658688
216650
489716
457837
-33457
309321
372104
19083
552234
382903
829531
733293
597068
920381
919506
45337
389841
-66272
661247
952359
244460
761489
246198
613498
-13047
360745
190442
163130
193698
-45530
681279
883131
90896
466640
9527
595027
836199
888682
949875
644725
330927
173656
818564
394185
-58966
738802
992993
207905
873416
399350
827319
587334
870177
937562
878651
521183
819184
702108
575776
734116
801912
187835
474984
777669
503629
-35264
747780
885422
380701
476246
488631
-77098
743062
506148
973937
969434
658631
13300
210715
651468
33141
497513
45001
565714
665392
434975
-95879
624894
617646
122801
562434
167750
743463
441039
303285
32127
217570
693663
874281
-3581
393747
489426
621334
785309
993975
788363
539481
323387
607469
-96208
45309
569464
794113
255197
111609
152442
757931
316664
-95682
-37360
795148
27927
434476
844467
473379
845856
242175
953873
715351
172085
660999
917141
788800
51003
969274
578582
358194
745278
-69019
616007
248196
162398
776818
122314
975504
236631
887891
-84514
663146
646673
477487
214748
6716
239468
458201
613765
-97992
77313
74062
653564
-92170
869073
212313
506829
898484
385857
482731
397956
688888
816865
509243
864958
902309
50060
969509
241705
404864
386782
721664
246994
663980
351478
454830
182969
966783
989400
777204
66102
849440
816413
833844
458629
799637
691067
295060
496030
181458
726420
244443
975644
595432
652785
930898
-16045
453968
544938
980786
520129
618730
891540
892479
28039
408626
-87416
466055
-67721
887543
-38335
35456
264296
254737
532089
622681
986136
262830
854904
315786
7962
-6731
259105
359261
488731
390212
147562
42869
157832
948324
435987
702030
123898
595713
193597
37074
522943
538256
948618
896664
301924
131652
551276
353019
18132
314860
504907
515376
438150
623274
690013
316974
331590
948475
805263
-79767
822821
24237
271686
102687
574108
745398
-26541
101163
505258
242786
122172
464441
739193
91023
219569
-37677
-41344
519903
383092
205529
600421
683979
760666
463927
528386
962041
771204
624841
828870
552574
485759
465028
285157
808060
709677
901121
173905
133436
800672
153647
373239
111409
241508
319169
290127
825477
-15088
665742
538977
214417
995265
809137
601317
409946
203020
-273
626183
733421
-47336
376722
977889
561394
-50459
241671
432803
807432
631061
83105
611649
447147
164359
231839
-34622
629118
491759
173437
708855
625143
845000
-53827
-99654
423035
975768
-20575
-61267
699242
647680
492284
272096
921318
197545
954841
749487
697417
209271
274658
712787
332155
151963
234340
668229
935695
424721
578485
-71380
-34666
-57098
437917
574480
-97270
512013
526328
626568
517466
858286
994957
889155
600283
946987
579360
75909
703968
832469
-40479
683471
894797
882419
53596
381665
456678
692210
152080
580286
432017
986733
316829
125200
315445
205892
786198
264969
464761
238849
968144
255850
98742
636988
374333
687922
887357
444177
722665
208090
459633
108877
172929
764696
640206
328781
224863
826679
378001
841569
414708
199237
740757
903128
548419
473447
474833
559956
600916
362607
703858
-64734
337918
799416
410555
671071
553493
-54424
94767
595324
145136
332808
957733
500783
185697
412431
245299
833571
104396
498268
177934
927830
441037
205094
526038
264592
142109
717921
824952
935280
-37745
683777
846212
32812
205525
873617
240116
822913
547239
787272
876090
684381
323268
115617
603056
678964
937170
145712
69567
21546
938530
921811
816173
290281
748664
770676
-40253
465768
-23505
220731
488083
225583
563923
532038
205042
-17046
23567
17284
-42928
817499
-87323
532953
-83505
869418
945067
259420
35892
621601
971327
372374
496084
163074
988650
76964
377964
273904
474455
389047
545795
-82846
461983
793740
930512
-73991
617402
-894
950912
915202
396599
880718
71476
942690
619240
545797
921785
513368
69542
546896
213546
334829
490167
548129
391784
843396
514697
244273
896106
-83562
676990
806751
41062
907902
105833
372746
182722
104899
487174
354073
828888
731968
446295
160509
977041
994980
746559
101578
-87434
693431
420783
465272
759908
551615
-39160
237296
896180
738012
246352
517977
974241
880925
484972
612970
628759
450993
449477
650303
397936
687916
590682
901692
787981
307012
946186
520194
428276
6924
289619
841667
50311
-46595
-50788
42663
23190
880555
319911
379448
907204
31650
909067
-42997
396461
856125
964053
710093
701288
-1346
926546
373611
214624
893805
202587
430692
354098
346724
889401
187948
582096
471026
128262
210625
717003
649027
767451
327699
587158
942704
659942
295563
484253
909351
249822
559545
868780
-97687
389752
616840
38084
677936
-27918
683185
-27966
866201
925898
30520
435996
783544
682466
894144
388989
-90985
532048
191242
391233
541983
196803
844472
502846
904802
790375
765897
685572
961829
630627
543505
811818
280365
-611
932433
401185
353107
805722
898805
477738
-74997
160014
287912
816862
708920
484245
728160
747645
970223
918545
676429
603312
896792
884219
406614
831971
105517
227232
103154
640383
934288
158836
650427
-73589
-32409
759228
-46325
338175
478498
128836
190821
662577
496407
83846
164082
367115
830883
685913
733785
228909
593148
118516
150422
30827
718341
849306
492311
906683
290293
274050
292192
850547
823698
964939
789000
625700
-3936
484772
519354
92367
540088
825535
821426
969496
995749
125180
814205
556972
417353
637756
617649
940035
713829
573304
152247
109820
954878
159288
752172
-16913
381671
-13632
500270
648279
89373
360780
608808
854448
296600
415549
535788
704851
457677
292981
399802
-75619
406671
102863
460674
281223
136019
810319
344681
410271
186524
174175
33345
751983
961663
1726
251594
104963
101209
397910
913807
173315
394416
911002
51289
539746
825346
-2936
531728
373689
565836
110014
833506
644869
151212
492792
347057
514764
675833
230969
956008
-5204
657328
556697
262972
286953
877588
909675
72822
627486
645847
603917
669885
255325
630632
813767
145144
401520
305924
195253
524197
603214
422285
749229
348710
48550
414726
658551
801617
381279
634546
117148
240150
534473
86319
-77747
809348
947120
519932
782097
249673
948975
484853
28588
214494
449244
676645
441679
933743
955349
798852
976321
744792
397427
141897
852584
678435
570444
587474
397308
419286
67274
-51607
360218
919516
522253
503486
220309
436575
134250
302937
491957
503526
730451
428972
101419
676443
27047
636354
720790
725030
376443
133672
635857
219947
284398
690210
-66108
138038
-10709
821299
160370
260777
-7457
444474
483341
-66215
93921
-90635
395500
442764
158874
401646
-54657
528292
933982
726257
379476
179591
1127
485415
260200
840196
569969
21636
33971
339100
616858
738835
743650
971043
806737
-51866
983714
197960
771111
486346
257512
-77379
45542
818477
-26490
-96215
398178
690721
-6569
141499
637107
903763
-82137
444435
686059
353986
827806
58957
663240
542672
374583
240278
397515
233839
539155
97660
681689
504746
563453
680836
26655
564093
640862
853851
699996
-95277
482438
564355
80728
977548
841576
458232
227094
954983
86247
72526
126512
441041
771699
400137
973738
599797
709588
636587
688939
-63954
37517
67296
516849
991886
105517
379642
468030
694277
862675
717720
787521
518464
108203
194241
324027
633526
908422
104412
435532
427280
543871
652643
337798
138868
28831
586107
835493
650530
269065
668493
803941
-28124
651341
910697
713659
400447
405157
947296
692356
741976
130206
430960
158650
315891
91612
-28036
292850
920209
-21317
601239
112760
-88979
90587
71888
186671
661655
330067
579950
510314
564808
108914
518449
409115
227493
169505
196736
448660
993492
540573
446991
766212
921416
958728
918358
176895
518269
452503
42395
391576
300144
361536
-45968
906640
342037
972891
111273
661522
117888
239654
819876
423361
114432
144466
792589
365513
164109
33438
-29840
919760
919676
279403
244368
476726
757890
980338
124988
887005
652780
780464
514162
85205
47816
274235
741376
534670
956545
754876
708065
668250
435994
129741
581590
972791
785690
680887
397346
75771
-37158
760746
921139
930652
914130
802338
630976
462097
397649
534890
609080
853287
23615
701916
-74610
746468
766470
640847
875389
718820
199885
950838
250
621915
753708
225973
996314
622269
87230
681688
807744
454307
120310
440834
473633
977630
757583
408498
973372
160154
-54890
496600
765688
588061
994410
432842
216051
379834
431565
731720
464704
508198
976608
961227
783336
73526
262806
277076
850168
615299
815652
940332
229434
391038
96163
969715
692603
632198
609188
876965
594737
350790
537419
911061
13958
373924
997831
322383
174976
986782
620786
883695
573852
539241
575084
240597
190071
-76140
688960
207154
357740
772875
995091
293661
540087
269014
32236
974999
-85504
247428
783075
285123
919527
932510
119443
634804
914955
160517
143913
838085
215921
226838
429293
476365
820126
297351
889892
69181
305770
9978
759710
279122
327296
824357
980123
713340
708053
35524
410562
31277
603473
968754
277755
525554
27481
812534
180984
495406
27150
241332
849871
226687
53000
165062
649125
110344
895649
824747
365215
826939
118158
910937
10641
903559
847520
412671
224196
186064
101025
2706
788107
832992
768724
598383
504152
117156
-21745
63210
303003
968586
378762
902286
732010
101683
190333
-2732
156714
811723
684952
-50541
-6687
203734
783736
327458
482362
8891
246749
394912
400996
974578
66715
216861
-37958
-35252
91993
746223
775973
282356
111828
975501
468013
287778
686188
598394
255796
85452
487246
789543
943275
214790
15421
59538
74269
683617
257957
909575
695107
954729
445498
680849
492536
637765
243289
868171
382484
746858
175289
8998
250841
753759
-19786
685067
499796
355021
974665
612000
566303
910905
141161
471009
249917
585976
998688
-62160
871952
637732
667548
600685
364903
552904
246617
701210
142603
365123
-52816
412475
890118
134614
335533
703314
39841
223583
396278
965790
826185
226641
229903
-28429
312679
140238
748342
279198
52661
77628
302177
220163
840288
95733
75234
746215
-6319
850892
55445
437751
364572
7858
296579
740780
737329
88369
937319
77650
658269
862129
-72534
998920
538667
153090
764174
309302
-18601
276797
803785
882341
654146
283280
836421
132905
637172
494464
109237
493072
85162
83484
231579
414867
366155
546943
554687
967377
497543
752582
709386
658552
294628
760589
7286
159721
160081
816475
454211
910647
182184
294171
136033
301038
946245
393170
225750
750526
23687
119966
787214
296469
279725
50908
-65757
49244
512791
550553
873544
934693
247940
416037
270970
856251
-46129
735805
559813
742717
977459
-85831
7023
78082
807667
215195
904190
-69819
126938
592072
604609
833468
593871
241045
665052
773489
207016
106518
695989
372818
782254
-46938
281680
773212
845491
123490
557640
336972
904804
379174
404188
207837
888272
118542
368331
992896
653421
697131
-26744
506001
623544
-42305
896227
713617
897979
936142
320235
735712
504780
950599
69223
152360
899745
787445
217316
762443
382928
221499
748131
637712
294156
814154
18784
44276
217725
-75302
951158
193899
479240
842898
590226
432692
642626
571608
834121
526244
408840
615118
-37431
31822
283461
33850
236987
654668
271991
681003
-50671
523473
399077
957723
667711
566264
489143
821248
425265
-49262
363291
120578
890885
168958
236538
-61371
588082
398908
108778
978918
222101
616261
215251
994430
291446
890342
588981
679760
341528
-94921
265713
219428
221019
719200
475751
927913
696358
326055
472026
80640
628822
768307
554005
989350
280403
658047
262949
141539
48620
447369
120188
-42514
310945
353570
933025
253756
696879
644325
380769
654144
242988
17343
738139
224371
922710
789111
304333
490532
809073
29034
184450
172640
302807
720413
226431
-9026
89099
331957
886192
441714
426020
629949
772942
518801
169765
362095
708987
533918
936440
315155
-55434
897820
346633
601750
448892
621034
859076
88688
516503
995332
964553
322063
997455
274228
453280
991839
490921
39971
73000
734384
849890
501315
153530
471884
402322
674464
456446
525313
93920
536649
385460
471501
351671
996209
391562
228982
390572
441643
369882
750035
394820
238984
562961
-46267
794655
132175
-93309
856494
-4346
544002
944820
492790
674554
644674
256175
389767
700203
428302
276875
68274
-26059
791989
613649
159792
848796
848429
972310
291217
173418
983196
167170
306469
544913
962578
580414
381647
993424
-61787
161532
879041
61582
702924
193030
683263
24996
950887
618898
771673
362918
251456
881606
343799
853131
525329
947895
482490
312723
286961
721815
712983
881356
-37184
823146
151299
920345
164787
62452
523237
708962
504711
685731
125122
650457
820056
852417
788328
643126
883285
868853
182902
544314
97054
442813
389201
286197
958438
253744
-67497
490245
159004
278503
325413
240339
611842
574172
40387
124397
702577
729311
282037
285527
367367
553933
723758
222832
793516
174173
34789
-56876
422791
567919
829618
355611
-88868
446654
-27257
901125
430420
452150
942144
86993
50306
433510
875882
420597
35916
809222
412737
227690
369742
230368
460387
840904
311877
-83965
815480
519779
445997
72504
408027
9001
-41768
778728
335046
516122
495827
173395
526646
289887
559022
-28082
497153
737403
797363
25294
375815
340481
966323
337216
685395
520023
306893
792127
-33522
31308
-85548
71798
-54143
240401
867197
411512
236171
884261
712588
478646
690041
467298
70031
937139
177301
-89467
338695
68753
91848
568309
498274
99177
790425
541511
697398
665879
884424
869072
344963
686728
888593
719790
587375
60601
331232
54891
588720
19539
148971
149520
70484
151970
341991
-88769
868434
317257
620147
828250
464130
114436
698941
371598
767473
293450
39410
289781
820921
2332
652662
-68634
286714
-14024
290433
73469
306084
597764
322661
970508
562571
-12927
575805
80725
863904
913498
-96469
570679
934425
845916
680770
522398
485502
747192
257168
866052
410939
812832
-41236
960663
389179
275831
862825
888687
206427
732449
159260
661309
426001
616001
630740
-69745
-99327
654908
-48973
837361
72631
916556
576221
616207
114426
52728
733141
810311
801469
309917
120313
-27329
106144
896104
563734
819962
997571
123095
574901
247527
490926
868400
958149
732229
131520
566540
803050
971695
262391
293194
322611
212652
762110
901134
-64967
11747
133063
-41511
218740
779192
-86189
851496
168635
87254
956267
891405
-19729
701279
476063
642270
-96803
995811
627122
545108
530290
950536
44880
740261
-7356
320072
-66823
175764
403015
857938
904520
144126
718261
605251
665426
459273
229460
877008
980290
73953
56321
375622
366278
616037
792131
861904
382989
-29468
394247
362358
920407
504729
463526
75974
365933
854867
857612
691814
203995
702213
398855
33114
983913
132264
152881
390659
765835
626089
527877
-80162
772769
174032
193830
591187
485511
124423
537338
-1162
230266
332521
280963
821581
562315
764521
30890
639558
843003
730513
930231
676947
353108
108523
919120
933351
580160
210373
701774
-14707
569704
468447
574778
520111
251226
268349
958206
642351
276210
46497
346127
492502
236424
172598
751687
673709
196413
721652
970819
219097
48954
962077
629794
906787
993951
93933
397777
-86232
462564
50192
171634
790819
484165
504760
424385
323488
27581
159813
187722
440209
325636
675812
534672
28063
437802
155709
37733
-86481
-88108
435422
15228
544795
436603
382390
139339
874144
52964
358402
920765
189734
145976
329426
634558
978424
495498
594720
545631
798683
403300
871283
378686
64760
262630
93574
295602
438953
315237
-38585
37983
998700
461724
498527
854029
105544
595103
783661
256141
711673
419237
323440
847607
410196
880356
-43160
869718
68946
118521
33952
601464
39686
212085
452155
519890
152779
297467
398152
702338
486748
-30693
757528
354403
439490
184298
723998
-80297
417220
163310
810208
732538
169369
319751
93371
88828
715500
689279
688838
748179
-60702
495257
259145
567904
411555
933789
733341
645640
366898
21767
544459
390245
193393
61412
446203
801818
692598
960154
209026
728277
445561
523455
472488
-83896
455688
985505
301957
159330
620542
196561
363479
803799
925576
978361
504868
484389
407166
306839
797786
29479
929631
501592
994090
92777
-21960
123152
379677
551124
873932
674137
335141
725184
949961
196425
37142
-97014
-13748
223146
105100
721946
700907
-58688
401469
75742
355040
858679
819208
-97326
558936
27179
348882
558579
312173
622545
18145
407197
107490
458106
802957
518008
649869
404342
-52811
267700
455152
631303
76187
676337
694377
278293
14751
712576
499705
143095
866085
250067
998573
552609
44957
572409
837087
562814
577398
923118
667279
238326
679613
924719
702763
462752
92812
402920
218653
409536
19617
996178
269033
442492
123781
801867
389334
314886
168631
709597
-52191
559624
418162
910125
187696
464343
777894
609518
56682
282643
774766
832653
550974
585161
252711
92577
604653
563707
343269
-94895
145325
597393
-43688
141862
330532
569984
299723
602443
942551
-30040
835999
-38799
394666
997705
-41813
343118
142446
664334
720619
479389
48719
416004
-59503
281005
593660
754648
-45156
160879
378826
859683
885194
139433
-270
477467
950027
376824
332290
490690
205408
117144
867080
97560
-71851
808610
844131
861283
714860
935050
414914
394825
320533
164968
318322
345643
565074
913967
533071
661231
212144
467039
313920
744792
558305
255690
610294
647705
576688
665480
691938
662027
-19264
757418
326044
899122
-8854
629708
119281
174700
719440
980726
909929
-89583
582529
899041
209387
204753
924186
893459
575672
594228
247505
632655
783101
490487
139088
554111
547890
102186
402569
52180
551439
197416
-99981
790198
452876
29727
38279
378535
367114
124629
422692
588984
169866
586375
929795
397057
600758
261931
454672
795119
588428
621331
372351
717624
861609
65760
151371
785359
693195
548642
437536
576640
533422
853727
872931
666191
453052
10407
830815
404590
936039
595684
402215
473661
789204
619775
251540
512291
495905
675929
846832
154730
536680
365206
279309
753152
903026
9951
317837
446945
838351
619991
320997
797418
313043
72950
152164
32061
792580
826595
734639
964602
870864
58111
354745
357267
-28042
-82522
327174
954696
806546
431600
663487
583552
670262
737408
224089
982525
235599
245744
-70572
57503
163091
715904
766024
39472
395138
480659
252707
-60518
819209
84360
36010
-47009
385841
328511
118902
-35749
41989
562618
399587
61591
60932
330366
874321
484316
876467
245723
493458
546752
32047
123132
479995
383357
956330
957964
294667
833347
429666
563209
279042
697572
-5682
535764
-66601
404781
228148
161336
651957
735954
-2178
854172
914864
845656
864191
530493
872680
22003
35207
444931
-76476
616683
811399
-25512
97998
895922
-48064
880147
640323
394401
469289
998003
209421
731235
203395
-81846
266233
275058
217306
788064
124225
282366
233091
552620
122728
602953
366544
282497
725178
290518
588072
266534
-31934
174336
202262
398361
474075
122646
114382
631141
527412
285207
892674
40011
436302
301804
-1931
125543
941116
950717
-6505
428814
57324
494734
332308
362571
945782
352584
322282
884259
651502
1864
647050
688179
978404
160449
857748
745224
-40097
707832
210017
286226
-29486
156482
78272
-17281
41557
838433
702308
158435
409808
149521
-23584
533223
865006
422025
342559
207082
820948
-74088
-59762
949043
890673
674542
34559
208255
636976
153358
637232
278685
659128
177832
449990
-18580
929395
52282
740508
772280
448974
818550
554777
765781
5030
97726
-48294
-85017
-69872
700213
327290
781014
395832
976374
886087
817223
711212
138991
295606
-17445
335919
991574
89428
941621
810931
173807
843429
649575
696301
338120
696286
285489
832148
671203
653190
970344
-55083
-16297
327707
608199
703994
623607
884178
21445
353836
530976
498855
521381
89947
462138
-31930
440779
86129
603315
206392
-65466
-44522
887837
449757
86064
610772
950019
139041
883281
999032
166303
512207
335327
95365
518316
-21789
145964
395123
115816
600783
946501
59906
635404
882758
151511
940734
684931
451571
631855
691182
143730
719732
104996
396024
-16886
957275
282594
496895
651048
14287
191552
506857
368667
865532
8319
591724
225220
814522
134194
470201
-18679
544712
289349
410219
44490
105902
412283
564185
440049
300300
537726
-11212
887622
246690
476845
947669
487065
993809
-78819
843837
726616
493217
-10334
278395
-14631
61453
781327
898775
-3809
322161
611498
412311
228745
461842
576266
49730
875529
668665
492483
598369
672191
250780
454268
306238
273584
481763
769053
445853
774950
249177
918163
-59869
933090
656795
263389
-42558
-4879
666186
168520
861001
590810
405819
-62886
158310
721075
854928
333324
-5402
303203
581218
414385
116119
113930
673447
39374
437562
645278
888266
99664
392167
700687
662695
265806
929205
123673
387591
101634
19521
521375
769979
556499
545351
628334
897382
93737
-55927
171598
-7989
797163
98791
191629
-72175
622853
154693
861376
277648
613481
912492
238164
738906
175981
867753
309239
196186
656448
396114
611566
-87752
809435
594245
407925
795884
415002
203698
128347
450079
356719
399346
616231
-97344
134600
281599
66381
659859
272420
30441
15625
674227
8786
298836
250804
248813
424170
961653
289695
178388
721687
448187
399436
682528
376147
619778
975491
998198
857471
974555
941173
103513
1213
749313
-33977
394535
940837
639228
16582
857551
457539
78244
691460
401307
692340
297325
805002
352602
511029
130919
688602
287924
131237
625843
989439
771459
646507
64659
233816
811345
165753
447666
835702
609521
966734
71774
976454
407857
19024
126036
411244
164492
354493
699459
573357
527878
456660
177472
612421
364149
990853
545974
151592
253104
855890
807437
480993
682417
911224
-17447
605621
894771
358480
245038
570951
432993
480533
95508
607369
332640
115330
473738
17221
15784
657256
858437
734829
-11913
25063
99080
773676
533287
45489
808400
118841
486886
509617
815145
236596
282407
356575
685614
438225
369013
897882
857002
719627
912439
324499
678790
700554
432120
123980
378314
41461
165544
580937
602093
522520
178509
840211
829349
720673
294923
307867
396257
778742
859999
184202
-9658
-67823
510872
689877
682952
-49889
359792
152365
193758
280249
212511
45998
601416
865121
212422
508046
168267
-76681
64745
435265
277350
-40850
754234
540097
192411
663158
418422
883399
213099
-40514
160129
822906
869710
244796
723757
940250
826858
609992
-51120
354389
555480
-58675
237708
152362
546653
195643
661911
356590
765481
728964
922040
348191
381349
796110
199038
983739
388148
679311
680557
24595
266925
864976
430961
322318
11472
126458
68968
173934
-83363
10616
522072
2395
706278
33674
532071
221753
357073
39961
727846
815245
923216
152927
623367
922716
734257
-57049
390598
112955
79001
299185
254021
70779
430282
588478
202787
754189
387007
226858
635855
680927
437078
668868
937764
504157
683019
614534
247594
479204
997174
350935
949310
913699
489877
754455
-17527
651675
495747
172380
790921
548596
288083
624267
117937
534753
433292
181673
381358
812763
556967
391542
727483
813676
7248
98152
27724
921697
-54707
693751
291802
810614
631571
613611
237597
352494
68597
167173
607994
326503
-87708
505879
-68578
254085
565193
874414
157977
90591
991751
918938
811634
168248
539024
801413
832922
120731
78750
599027
447739
141961
703491
980921
601443
467082
83094
-69353
926096
370600
261611
604509
983221
713096
-92224
-19066
432065
-5580
325466
228249
544353
346314
861630
208225
377555
272508
930924
433322
617075
915454
590627
867083
25629
135986
632358
314413
-68664
235936
347595
593848
14573
401634
586788
213625
341478
873576
450219
847372
839836
-28697
208067
72892
687862
-26489
-77360
101811
431304
79707
215691
890154
735458
184916
384889
843773
-90852
214872
276861
46070
523997
40132
255778
655872
849256
-78220
544506
483741
883196
995100
334176
285930
931338
-18508
851468
-90456
466112
118578
896044
408845
315738
230482
112818
945542
903402
408510
963672
602051
585509
-44489
287228
-19310
-77268
552720
17154
321786
-18766
663338
525272
902957
245819
124920
952750
202824
306483
490250
969027
789290
192803
314920
76156
-37906
-28131
148894
454158
644828
535802
311545
624570
302863
848706
-1650
59283
150895
369841
297335
457348
66450
168311
16082
314244
246633
138054
481017
555025
815670
3708
735530
387490
947469
485114
983066
994850
101742
718774
624065
416301
584523
937071
869237
343954
523186
658768
274806
422983
430936
533864
868690
759511
181886
153771
398821
903068
612244
887495
934329
980869
199726
825830
-69671
-14377
561391
997548
50317
373704
480854
686215
295068
-79916
657106
469468
-91757
235802
925782
864211
147618
227557
-68668
921925
58428
417536
734714
54106
441358
905340
694705
364408
172303
516127
-81096
268706
355875
-57009
46359
370908
570887
352686
294801
-85439
504919
509628
57190
-23516
721665
435040
141884
738766
277215
346786
623200
414601
333023
438321
219700
655395
853518
428202
-62229
309209
758443
913906
109540
178142
152759
242956
917954
165950
719776
302305
727163
182479
259917
36477
123361
986646
334660
-21140
570472
287367
362775
176432
467935
219292
201798
471164
716625
-85648
913348
691578
314123
856235
825707
932757
333707
730520
969646
198955
85729
762719
686607
465854
546912
16345
276116
-27131
250125
153361
594478
435336
481290
56777
326455
221865
387515
955536
827386
325235
469914
996339
253611
454126
141300
964025
66173
736162
498401
122801
121391
359156
848879
592263
-86909
321745
286762
254569
704074
932585
933041
11085
-13644
531595
800145
608970
688141
618102
868652
923700
570112
356541
971313
757406
941619
760580
177569
47870
968260
813137
290420
793549
195185
485358
211337
714273
-52494
993462
349549
304134
730298
-4102
47128
347642
262015
798754
948871
954359
64140
85037
80527
-34869
797050
584791
602670
233934
605246
350683
897288
-63286
221707
542630
301930
962481
901873
701120
144675
168815
60805
889050
378208
959083
92902
168760
166039
491937
306551
284548
-36043
160171
975748
713941
628065
644271
165420
885917
815610
-99141
561029
656370
276610
468781
777526
614425
850036
102615
465813
121950
8606
-46586
465253
556352
821124
-32809
965123
944229
859416
782634
544897
109609
201023
89566
738233
392261
-19238
6684
-10802
33934
930287
168471
539661
486683
430048
240790
853997
506929
-63320
515358
977928
196270
353668
487135
57760
313341
573273
738408
490109
502690
885990
449942
785291
432055
296973
325298
973526
494106
307729
736813
665399
977519
638782
74871
96581
449288
801201
-78507
518726
495045
303088
186074
82533
-81640
548393
696042
202611
-67409
683498
-37769
689345
32506
253187
311448
872375
824784
832456
-18275
570682
530925
449801
375786
44108
490170
-8207
-47398
671767
58536
643348
338427
760898
930361
860778
972097
-35119
489617
605214
304396
257002
112344
882940
798331
642571
182076
440896
817805
553018
97020
30871
695844
547585
76860
284125
179017
108091
251044
497314
-72677
974640
560313
207038
524009
688556
247623
-36873
421852
304270
336498
151793
684254
488532
394666
223315
591030
560537
36502
237049
-96607
835342
500776
380221
671904
827324
22049
961120
110918
765849
281640
644485
-27078
372558
357982
201008
986410
504863
688470
872463
434729
584560
286624
-72069
429144
519777
-65563
125708
659488
516687
453075
-98293
599313
501056
438582
133063
436276
885124
772278
186422
579031
230740
658738
828169
293684
570158
337543
239045
798649
971004
343548
290683
22341
253191
746957
30435
594340
480647
559623
-72653
601201
909323
-97389
495944
596524
212922
909488
492450
20708
842555
267782
32937
671937
935474
243998
41867
951267
156176
80076
586932
143407
438370
842359
975050
745937
910014
791202
473945
-94698
293476
53922
862310
756503
-88076
14167
317018
512948
655933
923353
651406
116558
517622
419537
-1331
883208
392616
934225
33833
-42896
275243
220363
383690
785782
-87155
537349
134026
366910
137561
918256
-46477
219957
610827
916140
644042
576985
782096
730095
115219
-1329
615670
385466
107140
409646
284785
-73631
310854
257589
777150
-69467
-78817
56127
924238
248731
635634
566935
196323
273680
971591
199730
400267
459458
600626
612877
467191
97937
492246
409259
-6675
317361
623988
154574
970104
116585
947722
513400
478125
999075
930881
587689
533044
428282
609944
50080
911421
358805
840695
26113
577320
401084
-58787
982448
891987
891842
449119
495514
-78989
559325
503644
871870
121069
991711
654663
-44863
34220
829874
950834
293754
994657
305862
-72124
65388
65440
450013
248491
949753
527405
491437
-43141
-3899
200999
-84540
261557
-83004
322059
93948
113981
871329
206556
120453
156223
541760
295024
671635
354542
656528
56542
844123
-56478
827707
439060
48406
-19727
852196
310079
-26442
484158
60814
133531
64709
334035
282119
232633
700497
656961
199982
665249
844937
172464
55381
531912
955001
635647
726536
331091
-51891
176789
554649
-26378
619235
500566
-52323
186377
223586
-7910
197381
564490
186773
303346
650207
390180
754410
192172
186628
608028
86656
489325
113551
-78717
792266
401095
621013
859099
977315
-89732
965970
11554
189468
3837
167292
454922
138771
675010
282568
606240
489611
848309
218801
385230
172110
691182
998431
118690
703581
-73578
555167
90725
887167
750591
180257
809053
417231
739092
269704
191665
85391
480160
949805
511528
213778
130289
-37492
83944
757295
952732
488793
294672
127807
700341
979550
69832
675192
818128
130023
809286
91586
134057
785627
871070
868453
39385
77975
254076
215052
636852
839504
467397
56848
334734
-50710
15309
-32045
892772
610066
939057
551183
749582
272678
222498
788058
696781
249452
418308
617203
142383
772260
480281
-86749
447621
340706
925858
325078
171890
421527
723877
355725
34032
998706
941792
729993
-86613
522233
296876
33267
347302
960960
923642
884993
985544
896808
765106
507226
265369
345113
167740
891955
651856
556266
393739
183511
-61279
338684
487682
692630
709862
563255
230819
720230
-15258
999648
875017
891850
513229
703982
-82619
543428
723164
364670
-92631
212247
444160
552447
146003
-43323
210723
980306
752699
987538
134909
618717
625103
46112
521650
730650
112969
-92660
682597
833078
48447
739577
705145
657569
-48305
223078
369082
20979
717439
751720
-63170
877483
487060
939304
-51433
540500
980379
87877
551241
937929
841996
496610
-13636
140896
97729
973231
99951
147241
424414
468294
319609
422473
469253
998405
690427
169398
640967
893253
797959
248766
-63194
814821
455993
715056
393273
505836
31984
720302
-63339
-49968
113971
-55069
139655
828086
438010
393334
713023
309038
229893
878635
906596
96081
169715
149195
336755
927684
971445
700385
979426
588020
895966
74259
-35578
978293
683302
836435
777834
945077
172453
350683
190956
965934
441190
-6612
986545
892724
80705
39815
442228
425062
828828
369589
269915
-77438
319175
304884
171092
-56708
533533
819141
138138
704676
899748
38357
117916
994264
954475
153578
991403
923020
415980
109403
76029
765322
481466
37479
77592
825922
91801
32508
727773
373564
593210
933868
941019
785888
943231
346668
224349
859535
730774
249057
374351
-55912
812466
243877
985892
21692
884123
199172
254595
-98666
379138
916105
226129
654932
4327
41067
693961
238092
517819
272794
185586
447270
327488
949404
-62665
488694
348602
523747
496075
788305
201317
409495
120681
53286
494469
702910
41418
803889
115257
926489
680500
871080
-52076
157122
69569
-65076
340649
-78009
435617
422037
47758
381962
255102
-16476
590034
943412
613763
-73736
595839
729698
266394
80958
430483
761026
397834
878191
28591
118038
416866
673035
941575
-16355
217640
-68900
813610
159320
495819
125433
203573
929964
90087
360151
361488
852257
147746
362986
871013
246671
431492
575547
185760
470602
-9645
940997
981492
420418
694688
771483
788579
285667
663967
461717
78332
479560
595769
411325
410634
247269
185605
368920
956963
259799
531753
305387
286565
721500
767289
776875
-51919
779107
535394
779760
365111
927328
74684
334299
634841
645252
636654
-46334
-39398
602605
540625
97588
695118
-91442
770700
293738
214534
601487
31132
-28329
863262
664661
412062
627606
522222
347526
351172
206357
218114
424194
134044
261119
318342
860558
993296
-60532
602201
705457
748528
971716
368862
-45001
138217
643608
12932
-19514
549042
560873
21373
833313
85482
448287
350536
606044
35237
241437
975197
436407
248369
865254
-97746
628819
435143
310929
-28324
42881
773421
590020
-81556
452000
468253
345155
811545
371418
388560
663168
209311
911862
144451
-41047
662933
904755
560615
553101
177402
443616
856502
445460
566792
785385
945924
880422
29094
438486
-79731
991865
526201
319011
115461
811610
656388
651500
19816
795338
457890
37610
380626
715996
992571
736824
583473
864969
43209
-63662
343119
287179
399730
348320
467170
281308
778901
401501
699203
890428
813016
819619
749723
422812
444525
-28518
578676
557394
859346
699237
510182
26065
620753
724218
-85620
109044
559955
704323
854546
257511
77812
330552
420436
556231
-23451
-87205
619852
199314
-69832
87713
821767
204490
792739
501768
342121
980339
703976
-19391
825278
45536
-9080
803162
957249
-74455
107743
455086
815278
807153
781374
446862
-522
143445
382556
461529
832081
868424
234511
197790
528455
426229
19059
89781
425178
590849
600159
804458
625408
138779
572093
938256
196931
32453
717369
266863
229283
500258
170272
-95191
83259
-22140
767450
550659
166578
828952
311215
344707
741697
723618
747698
697719
789322
515607
718460
505916
686371
555476
-27711
683021
79558
777584
649753
638097
72975
720112
143367
-56238
855432
53158
356524
740954
421264
695918
