11345
651527
373012
844125
531267
681402
675325
163078
531127
942306
840254
562187
-3165
269229
746210
253920
82334
137340
-95328
857192
382125
-61501
255908
440524
594793
766724
989081
483089
965174
837012
849374
243304
90389
800576
-11021
386234
828592
266188
236184
268152
215532
817965
-23325
624112
-46309
612971
169636
479273
497359
-91721
65921
355565
-25251
225181
661982
612095
634087
672874
942524
945353
-15568
571527
613205
235339
192547
62194
737374
511215
617186
-31640
327617
770907
250145
284507
483891
937667
255055
32165
754535
463579
355303
176742
698280
631664
231443
131757
282262
117765
952639
191408
773351
757703
428722
522853
569750
858602
570804
647575
-1242
273760
558510
-88134
477083
314586
950243
913738
719108
217344
385332
782445
-51278
994646
173697
702682
329963
622261
436054
270603
172056
165214
370793
334496
73633
784629
478135
462218
341502
227873
632731
338462
955869
645472
733534
999638
546369
127746
664541
789151
415992
114671
913764
986589
902134
-81298
-77777
321269
384914
493029
556267
23942
285732
295375
43540
417660
203242
82058
794646
913137
-85816
438743
218631
153496
180072
-65246
362415
518127
433961
186961
816802
-9335
28742
827175
-36740
942978
377456
-13297
259734
96292
157674
862516
758238
270675
482781
352714
986459
327356
721977
219823
386015
918102
216722
542029
42444
126643
660643
515818
616142
99655
90762
397457
780275
263648
798181
874463
982398
592850
384074
714637
690753
438407
-24757
416954
35079
921571
96675
260332
743281
186150
712666
375425
607505
931475
-3599
877189
395177
725492
502892
574670
266221
921013
-69635
97356
401207
-88648
79351
899012
2621
25294
538193
939192
182737
178114
890694
211329
592161
419661
884271
-57510
730684
567844
242518
810768
149446
648438
426374
944716
54259
981385
917661
-23515
839487
523673
753118
154455
273074
515453
735759
400431
139080
205341
257036
829363
928646
479238
832138
-60846
464770
333886
714670
924741
716891
294890
89779
121903
655312
1919
590655
619230
369860
685622
417821
129965
412881
124486
542852
829953
38387
466737
57513
90534
849927
-63375
227073
894739
148912
718723
14275
723170
107322
976173
-44202
93570
386958
713300
935606
735454
-32735
42505
256273
321293
-62216
-90372
963058
552312
-72172
403789
64913
240095
543369
387080
847056
978270
155641
274946
495525
604098
314822
169781
868708
459599
908223
285488
864861
666779
11833
830328
153606
120644
264666
107945
98961
238293
170774
907241
47256
261352
208166
222121
709701
672027
191796
574006
-32700
449154
99111
540693
63013
19892
678385
354539
388501
197971
458707
838069
-80950
876257
322261
801864
341767
802527
693758
199725
-26363
478786
711899
683667
102622
253262
475846
823215
164565
-13142
32141
532672
400707
136166
75620
859727
-49885
707001
943676
244740
520345
652648
587212
725628
366061
246751
231439
-42308
955845
-78394
-63745
803211
177857
520508
463608
862193
-59258
15487
57869
184958
460043
580638
9042
944198
353746
207600
362033
511214
920448
-59316
162953
746451
266618
499575
744931
242663
-37193
482016
25118
934281
403884
187495
832318
913106
872314
823009
129480
588966
85813
709848
43849
59130
984601
425124
992510
51668
139790
922667
812402
559488
98924
722988
-11454
334150
135897
3255
930455
865921
-78853
512145
466111
990272
-27817
-69058
698966
279735
351325
618941
532432
579862
745669
148219
462366
916644
624979
692696
812522
37417
741025
718140
849228
-27732
222426
96958
531869
822115
724506
359384
168495
131294
990773
94812
818056
362422
149163
927869
372085
50013
100150
83755
976042
-322
937838
299970
367185
130056
467796
806091
697949
-37138
-69995
760070
671911
956350
-91037
494095
804407
558006
556383
602034
343722
520333
569632
-8905
779726
767206
524327
895245
813448
890257
921975
93680
908099
358905
848109
614747
94162
139739
174207
163482
240719
460431
-57056
965332
683700
366427
578191
195867
855687
556485
151556
229611
910532
311032
-73925
107859
6058
894229
600817
835929
779226
162085
566844
198461
384177
-1760
270214
178384
-89895
616253
828672
111060
979088
841606
208672
566060
399413
601008
966504
128957
803974
224979
859306
628616
546401
466521
636587
578650
75954
145221
872126
189124
-56181
908116
-27281
468165
982449
875526
707781
421222
286400
949125
249470
-91453
940272
138003
841357
666872
254372
205518
690258
-99900
285301
188627
-6097
123815
746309
401816
417703
137306
419933
601339
568524
574423
665928
196670
601704
789973
141439
235327
800306
-14519
769387
795845
87692
37071
603674
227823
-80362
809540
702226
115687
237332
621029
589989
861949
-46906
283784
991418
298992
69979
242457
488476
175754
701093
63127
373331
542759
287430
716727
579521
306794
414893
694795
986813
-42176
469133
829711
153017
417863
473556
416143
942502
146846
757378
-69321
957958
945744
246147
15820
765944
35149
700852
509331
-91050
489028
80103
413366
672188
849166
395039
690977
863096
688214
811601
625461
767292
946626
869294
674458
616221
-3848
472994
255647
962144
673214
456379
851162
27798
323801
347373
740467
-65739
567790
-16186
712868
303138
293583
515663
871346
145769
402664
118077
458936
-99878
372585
713109
922278
440557
654466
303753
-58614
975977
483047
460146
963920
-32871
520236
534758
944464
257120
980322
462915
-46400
86262
158201
135886
762878
883113
28908
13638
624271
391169
88516
220329
-84934
642011
-78931
818851
19988
408835
366693
581283
550156
493257
452917
-99729
48639
466938
516758
105498
998130
205114
854546
636947
941392
78268
129973
495037
132284
902167
361892
122665
-12354
687783
810918
-1789
245287
173499
452593
319691
598044
471586
241398
763660
737385
-33001
327211
462924
360623
732730
520610
109483
296746
387170
96686
888713
791598
328229
37424
780521
-70325
21784
809472
35480
533215
681459
651710
344812
884332
178064
196410
644052
411245
75520
148048
978567
536795
559635
922288
321347
330574
746366
694028
315565
393710
795388
733893
692122
345393
-13111
340268
804589
347787
538422
242256
555289
611092
543156
552871
981107
114384
891120
650407
244791
283524
488315
240087
606917
272308
667590
100475
225853
2700
345181
675324
31590
93695
596003
62561
161740
431483
147001
299159
673254
462212
-13414
609165
60383
-18750
237158
510939
6955
357608
283360
137071
197155
964459
279188
656925
995341
800825
880768
895597
617354
-86649
550925
483499
510536
701896
606061
338305
439475
318380
91853
823621
867776
62067
798304
884433
-67115
558647
643566
427557
726635
811255
505944
880241
149143
939347
326639
503649
968381
-99593
666244
-76295
102532
332237
382066
606035
868835
922708
134077
144903
423616
796570
152478
76269
613987
16781
507800
403975
799555
260318
208895
431404
114705
686182
122206
-88650
687430
380589
139590
-29716
90533
334381
152774
601947
149503
421935
512893
789132
-50240
438553
327152
999084
-66152
749750
-99717
675103
944368
454633
431418
-84020
563250
793378
901472
599202
790563
530054
556606
851689
231634
870235
19844
699565
467263
142983
575252
302877
930691
32653
779608
419880
202332
-63947
557910
634772
362347
883698
809622
386363
21248
430014
601929
950715
-13332
502575
-6441
308414
648625
830175
136039
568370
738101
54736
822557
234636
105850
267066
564415
106925
801133
35312
414422
522300
-63943
98936
964937
-95463
558874
719441
246861
149217
35957
657410
890090
502737
888766
858977
323724
435235
524989
-52470
649356
429587
933512
258286
567810
309061
536359
863621
946859
808555
921655
435017
103644
171393
157478
145554
998646
369314
-13821
122927
638983
53182
518024
638779
-93552
261893
120187
498065
136053
740467
-31670
-45965
157068
705565
137857
186120
673303
918885
981670
199452
374477
511018
28767
662464
322595
-64180
513293
939656
768524
455565
976049
688125
903506
320721
495123
218881
774821
277602
112369
915289
221349
141870
633701
597089
-35397
590674
321093
647887
993724
212177
836887
429470
396143
98211
260802
490906
408312
-13874
521685
503096
685596
383150
541852
260509
232714
714935
404628
396536
-29445
367596
898370
674782
889072
430911
296825
877692
861706
867159
678390
643870
865215
707691
233906
215769
587569
200693
466150
516592
509891
867523
566442
201454
422286
478416
-34114
434460
151559
700644
266160
776262
-33333
657245
885749
952098
56812
906601
504945
999373
956213
220311
691865
441890
159606
914576
808934
-82336
898600
752971
979880
643738
131153
346355
-54469
602802
300445
450314
376448
844337
-55383
247536
328053
507381
541732
-51316
73541
752487
423535
708313
881912
643810
937813
735775
233797
235536
487799
572704
-89531
229734
669560
598659
872704
207123
709256
236344
433160
362132
667700
869661
932041
265737
60115
724621
208386
459056
258177
22379
121391
430365
387322
920042
-52476
56056
899382
229554
145948
853558
692610
-15245
213673
931083
598476
-51518
655529
528314
598564
896921
444059
649183
73543
189816
-69822
867309
760157
851016
330089
-10726
149407
284760
898029
59127
966739
88332
989661
758977
634859
911997
624151
644846
515652
-69165
85944
596985
551126
509448
903265
386784
-7144
444388
658985
791747
171294
-97271
69538
510482
-5979
856859
417050
675983
665410
124686
236109
198201
-47514
163222
500328
708925
-43663
40284
910099
968308
256499
852954
438857
718941
319131
21002
504039
-82701
133545
270544
920103
837712
528707
846223
196050
659514
606253
461758
782179
14036
841935
601394
173385
916093
579688
971334
473382
868238
874448
-11696
438940
261221
-73882
539882
551982
176848
243062
650400
766208
346426
914124
106087
55589
100630
959041
501318
928981
559860
258095
720151
313187
-30374
544817
416018
734798
993919
341970
722509
669570
798713
688684
251592
790194
320570
123055
121583
635614
280707
674019
552623
460181
438021
-12469
103936
621450
28226
325709
63221
-55269
766861
469080
211519
814615
687668
160391
947510
580740
426925
595981
123888
95840
-99852
-9365
279094
747583
967896
439679
713355
-95457
223004
869406
-47267
855506
684568
213049
594147
651691
422689
513636
997295
95770
731087
754467
597351
124332
95002
674326
520837
350507
865333
-71119
302257
118430
607622
297860
443264
239504
667177
810233
-43953
857082
168501
-50417
233381
864630
-5166
179793
116359
456919
821764
628924
976319
467329
938328
502030
674463
819760
622189
-43690
677740
799749
114184
492654
319634
474806
355274
392139
945481
86852
193606
629596
382467
667943
230788
-37485
115983
404431
899702
-14706
643689
214132
625038
566563
586993
706280
582736
469710
383688
16607
586812
248915
458346
-75280
901508
376837
573453
350151
312981
459417
928956
444499
947451
712717
55004
297878
583296
368543
940425
-4295
515807
545028
304281
988484
856127
338809
572744
605313
539603
269908
610308
-60077
898055
438840
233223
340700
634777
715969
647321
362162
546939
939925
-27705
498532
313983
533373
446614
448732
604886
516382
163019
367062
368979
573857
654151
33355
333552
362713
525249
252711
86599
-75141
330209
402016
162456
3806
566166
502206
444968
728726
552645
10603
-46506
-19442
-29582
195053
222429
-98785
606229
502578
222223
643294
686523
873903
464164
138305
-95626
426961
844224
72652
697113
443429
841178
669743
44715
6093
829574
604226
597813
55818
37739
235968
925911
236726
-81447
-83068
378056
846872
899038
876463
41153
835955
237839
-44909
348268
785477
930915
314730
671805
311658
778596
350781
278534
706930
91774
526711
258443
337523
327456
54143
517401
7833
563952
580408
622059
457424
794321
650832
186043
870783
573581
537878
600843
759152
-92665
520492
94296
866323
623595
442107
535769
854512
275758
732254
156024
126360
848842
687588
756714
395101
822322
896827
584135
829489
689237
600969
159538
37707
711333
29826
751193
792273
892856
343823
756813
990158
141287
324463
378572
80814
774494
388650
176948
541356
63983
549072
126995
864571
427365
186759
637559
881894
241344
720374
676418
784642
954650
563358
891772
-62504
440874
838972
78003
226143
-43088
623586
733021
369983
491976
812950
28067
808880
549003
615716
619085
632444
640078
468409
855112
464089
985796
460182
853395
428508
741324
685659
38335
525256
776966
921976
785855
45366
905970
835607
782326
18911
598366
746950
712162
627239
248134
78508
861805
842424
151734
873350
163901
945697
71241
315132
657510
608995
82399
878224
928256
556943
560287
781290
55217
98447
63442
219993
45062
-88449
483613
926097
977542
-68136
6025
996526
906830
-47460
708306
83644
213449
42183
824758
126092
93015
780635
460258
61831
-33912
224693
880223
537363
455279
69781
377838
460100
-10207
701411
943150
800059
401254
811035
592144
555993
846802
-83837
-45286
756923
615969
524068
527285
975334
85758
-67050
-89276
990169
861020
318251
134305
275414
276989
554310
22665
788573
851667
922219
72392
824268
654377
917476
340169
209472
426621
-25763
713475
347746
230408
669950
534098
56028
437683
287133
477357
66856
351454
934031
16588
193151
850712
348772
364895
30497
9072
139199
415958
837654
399474
660971
479398
171562
965375
-14883
627100
956261
166674
-28078
355981
61533
527470
259325
807388
684437
153546
136995
149536
39715
139828
757654
6411
23018
992978
949531
117878
301292
-63557
706789
207431
-96645
138829
889328
536874
452472
595644
21641
-30356
185335
534168
959564
-47433
-76132
335604
680823
753485
945951
879252
990396
985132
982260
656666
538330
801217
817191
852643
321915
-18802
534779
568808
831398
493854
499318
679427
44592
444283
-69097
709867
213816
525788
119630
667060
33866
-33801
735450
592110
110570
780611
-46372
363548
-84386
613018
360562
91718
967276
343646
165843
278438
11330
-51729
717987
309898
243182
869632
256301
259895
508578
-39967
289280
868288
947136
959117
930924
358124
912727
99340
-71616
863651
115413
347820
254012
267723
446852
383650
319005
470401
952687
10030
957258
834394
83090
784006
-58026
247260
715854
591450
983501
540604
409855
99480
374328
54705
369325
-89952
372683
142549
719011
540283
951670
505696
81444
-55372
157136
141094
-24851
783556
518974
823831
492638
879708
976034
447857
960704
942324
91592
214886
409581
586936
39712
520951
218789
118358
161198
-1674
346256
719177
708537
927552
801036
76444
212101
386795
415874
437635
911620
986436
758217
365811
8587
114915
737054
-50659
609482
732090
755015
469814
424783
384456
-24237
610832
901817
349561
-58701
146555
116381
845626
94173
757291
165308
814367
313223
458351
972418
36121
-36387
745535
594366
764154
198179
782311
507881
-83905
679024
918067
-30052
-32439
336378
-60734
658989
760874
311619
384208
559633
742633
538740
18026
215247
485628
936788
366776
559581
169579
102564
-15303
269702
591776
366006
725099
860504
117937
962360
-42130
375645
55933
614136
99411
454178
593724
899183
463659
713349
869806
390568
723696
33350
851771
562632
-85335
504340
344976
804187
320756
406136
513803
396520
972162
324391
963801
703052
959277
948496
507955
802537
84660
332751
640118
399034
980476
642353
757690
963137
204157
393797
497141
419049
-89432
187561
937437
-17840
727254
410894
4364
957974
180468
458074
386164
660256
592195
75078
796178
721524
203780
-47633
30520
509169
420837
316887
387830
785423
580547
690684
329312
558250
-93880
89841
368263
-48624
954786
592946
191157
458410
244795
-67106
742554
155835
310560
-54884
178139
709105
722065
241151
275554
586803
-96098
-42618
-7892
121738
633147
182569
855595
600188
521294
697650
747884
269910
730912
72846
754822
884920
872230
668665
727262
817649
765536
631969
386109
333045
331489
854958
490579
-77090
920057
381766
757946
-73449
15977
-76548
993312
331131
6553
423516
675216
543755
255360
431447
156266
719318
410275
435954
363833
603035
185196
808058
655687
454650
581778
216024
223958
440506
616326
223143
736316
629251
482298
588318
-32247
415801
275063
205624
115592
150473
730788
70466
968620
994807
705830
371008
255775
-78363
475308
498773
344373
316413
270334
453181
716226
746586
904680
503654
378058
6366
774179
-30523
-32696
733590
802642
-8564
929649
431866
-20531
914390
559288
832094
319145
439533
510157
736946
599959
814649
782580
922046
464834
346737
-71800
248582
940795
811503
149235
322193
-79785
573372
27839
53345
-12784
31141
97387
680289
336078
240220
514912
30475
515073
102114
773528
73431
498364
967313
-65881
583325
513399
557340
418268
190779
613333
472432
-59141
156375
903053
255547
434927
842154
698377
938941
591030
133446
348656
219572
-51541
-38410
276924
164391
598122
992760
351908
613602
338575
233712
-52708
46874
490983
348789
978963
636211
22052
847612
788177
588058
-78200
792399
829064
815882
665766
656256
166546
722920
185694
584520
925871
170103
338945
38624
701710
456981
715030
775755
841099
-49396
64321
26130
940691
334023
822485
56918
-78099
932250
194337
654880
573313
138470
-75410
943428
741301
658819
425690
360467
416251
389077
790855
120681
483847
30344
110111
603682
365763
219098
192395
424099
88887
720930
282809
204240
68431
210655
93676
573000
985246
80860
980919
253463
-68695
614443
-17030
904570
388603
552498
194003
399437
697437
940891
572136
482492
215932
798744
-4678
347510
589518
370925
497342
924473
469514
683236
834241
342893
225893
348227
673956
294606
14862
682469
614438
971781
768080
584064
310201
576539
286850
871837
-6097
-20528
852199
710810
-39291
147548
520046
-44854
658461
176914
495679
-54336
786111
774425
335715
612410
516443
84428
581889
-5855
872784
-13931
330578
390043
29134
228710
37457
493276
153136
695778
654771
710799
190629
361613
118809
618390
185447
982523
517504
156721
259625
149629
729977
885298
374494
221512
65553
250835
536415
191964
738419
400224
305895
911219
73686
24610
936408
59046
168012
907514
310593
665177
887903
297148
-16055
349883
905142
750359
739967
432893
128657
870205
886953
471504
-32666
368078
589321
200459
567024
909466
616016
959531
375685
601961
360117
820212
921577
-43462
102323
181118
406801
816163
119930
997724
319106
851737
711368
490887
-67915
595798
908995
809047
980978
72879
625396
276214
109087
-13427
593084
704700
677750
-53580
839657
739804
26408
299180
127579
-5308
796716
905649
714163
511544
20195
788851
-26774
387482
493718
188103
404262
-1386
473203
491987
696100
133490
506221
430241
206588
944223
884684
491747
414331
285315
618640
929134
621067
445196
489461
258331
59759
846598
18212
145571
161227
966331
892733
868023
447144
413601
352892
70827
881445
437310
219581
647688
170703
837546
224631
681190
295293
302223
241699
825632
729136
690744
542096
21473
90170
681160
223176
474289
515651
100193
-8597
951054
735140
-10033
237139
88521
632573
853869
440440
862672
886894
758229
411381
874651
784631
822901
657817
234649
527609
310924
108175
20120
-94383
446091
129086
953882
42829
599035
-72739
669309
128028
393024
-53976
-42919
806425
-53933
617108
335085
303306
547800
300394
452300
809217
39133
855250
219072
-70824
4860
779657
495939
258936
354125
954105
291766
552424
726889
633763
459452
549790
624975
764001
772428
190526
502952
421362
219841
597295
-18719
270070
-20638
723961
-36648
211585
941629
947892
421792
412832
535082
388253
-10761
514899
992833
133910
972157
975400
406879
-18874
988709
965557
268087
471351
16259
280883
847895
613044
378544
397965
-48876
-78382
325711
475161
721507
-92304
113847
107062
973461
71410
590283
303853
580612
-75356
738866
944242
699515
913177
428165
27473
-83579
442806
481847
220496
238220
78104
929119
349964
905432
514400
563597
646496
-16208
-89105
652721
906898
591457
88871
-7337
378152
249084
-44137
566516
-39709
263041
994018
179729
-14746
61718
290771
760858
279239
-55096
662474
141673
771518
28631
915877
-22582
835102
28356
10639
123961
286325
314496
531481
553619
468744
983336
911220
970000
185350
919793
401277
939221
670679
731053
14606
151291
392738
99460
952664
123000
756446
271240
147753
495624
-99197
778162
-59927
32344
21244
929865
345450
173797
957098
584695
899289
696902
896184
323762
987691
107216
662728
846891
397469
545012
-7454
807975
418878
931031
850096
89565
941711
955584
191073
272103
850642
-74839
108733
-41108
615750
446571
307218
852599
899619
714986
-27852
267362
843319
24658
988664
225471
419137
697405
-60405
501553
390198
72172
549874
913182
192006
171193
239703
339992
631733
369050
868891
205663
712334
349850
262346
-78163
917441
89221
807330
549152
302944
844867
781826
711177
700567
873679
124100
505289
-19477
1253
298244
5140
547109
443583
123854
387857
402591
635612
208355
-2322
977690
768348
843389
603577
216418
44382
624300
556706
78626
172209
-16413
143580
608688
424425
925828
393643
-5943
510190
285154
799831
106414
105159
922816
850950
532259
856366
634478
825033
310623
918763
249613
132638
926122
400970
392435
614388
407405
480672
391783
598575
999356
364847
392780
432203
774925
930209
857862
903205
755382
906499
-20094
706910
331064
850241
957673
860233
245882
992065
199895
176369
824563
239299
213880
902005
236412
436251
79945
356126
747004
439609
417262
305773
245442
767551
548313
702945
155710
996375
329011
460722
-63229
192808
218488
945313
981627
789219
618231
730029
366565
-98242
972803
665651
714100
257464
87494
623753
852192
824303
143820
373191
-2733
679664
46605
988663
-17441
389892
-80700
989031
974463
663700
612557
864440
403363
720628
483247
513325
267124
900753
616414
205282
841774
619683
825793
889792
484351
131760
506425
55311
-40635
941391
773132
673116
851195
-25844
-10781
-31706
255685
188456
254443
593302
194783
379842
491819
229668
733924
831314
559439
354739
455863
341041
42547
593790
689246
932980
244006
706673
964461
754352
986943
180663
498963
353216
149534
789629
135367
583307
202791
355561
-27804
905320
142051
856633
620614
533984
504542
708089
851629
-43333
829931
803646
-14054
548862
871099
759696
150110
854205
322019
314308
893338
389837
611827
973062
547268
241168
632096
143258
153899
125143
945618
710142
173602
9961
198745
-93114
19912
205801
455653
115283
732510
321852
976462
-61285
39544
328927
118225
284731
468585
572054
780424
798198
250231
632346
63306
824369
180411
249496
-99261
408845
854227
101264
-5874
-57100
704547
240279
811860
679122
115236
1895
697085
956209
298465
531542
382876
649607
90370
413465
24639
698257
191771
342154
720418
857565
768969
371952
753516
-83503
228167
80888
569492
685025
9520
772021
638508
992396
-55225
462606
912817
461651
649917
326896
529283
170901
-10856
886271
212754
332764
57102
9107
468755
725488
-65615
683224
469116
119196
-96365
-3515
355184
935072
461209
327725
982640
-74813
455831
640120
412598
473649
499328
563436
310785
657903
312920
-24372
143058
57717
69281
395654
144993
794209
402384
155291
687678
-8440
-61775
28498
356903
236945
103233
761349
432301
952631
64355
139550
954896
705073
703118
60391
15581
394533
178727
303431
969999
83247
375796
67218
994686
35734
507595
761183
972738
613944
-9249
637747
487982
130739
69794
492248
663377
114751
195909
169862
951493
798280
75382
224457
633630
922053
678240
950552
223438
618561
-27007
660522
834072
527654
483211
615733
137191
137821
126426
736201
487089
664894
817434
506224
55310
881967
113963
137437
157453
835903
193474
382437
168681
446016
818413
611035
-4293
773088
179984
357964
603589
443083
663036
405110
532901
731198
105731
260777
99262
144053
48130
-48995
704845
916994
953972
330812
100496
29362
859567
964071
653171
479759
-20422
866254
393575
236064
910526
149187
346953
-98824
644226
984100
378799
473631
624880
169274
328826
676732
448862
930665
238719
733636
467058
546533
887823
907365
-1170
405963
-97887
611385
953433
-9557
23843
871967
9913
679584
375851
687858
371051
158171
590507
378293
118441
-5055
639075
573334
868459
205303
190781
995590
415226
9751
686427
478475
335510
983985
552177
234114
537411
385129
878392
-99859
958804
616507
224167
555709
979749
124242
49735
845956
312784
124102
503982
879447
-93961
856183
714015
123546
461054
36873
173023
171511
974453
551832
236014
722775
175342
305679
21592
244731
229038
438428
716673
806763
299202
51289
603756
232723
561262
491254
807771
731634
500109
768484
774128
694406
734765
-60733
100876
879811
870886
298215
144979
998547
-18318
411922
167275
264956
566032
686442
932539
316760
68746
687103
-50855
-43441
324301
939738
775165
20093
954132
790301
498799
502101
829822
730361
235560
332090
131755
375348
-20307
679219
825241
422997
-70331
990498
542644
72461
734901
662188
844847
174871
857533
764806
430077
984398
306304
116880
61397
89557
176897
247162
948441
691299
720364
-90673
981836
810041
249010
202606
92728
281313
282932
951153
674842
73642
16040
453151
2665
966778
736946
650023
936539
964512
52808
714788
146498
682833
97284
870692
-92356
213807
669577
666772
400967
297540
649365
898506
589434
431647
880723
412152
-29931
244741
58222
835107
873317
734769
-76205
583894
601652
771868
242781
637796
596022
17094
332254
594112
975883
235506
-18602
64525
734998
222520
223279
925989
761235
146439
-31456
492168
-70645
-58553
373334
589706
456065
233426
254774
746131
796926
985988
523016
672683
867133
877019
233162
613704
382843
136007
15050
574441
543596
431475
682202
462796
-27313
383109
947172
702854
981131
350032
428339
77679
76274
174029
691024
244111
22429
960340
287921
865484
888133
410706
159250
674908
607809
344059
343314
693758
-277
207845
466645
565420
394268
-24147
389066
656879
346363
311199
-46977
-18815
468930
816770
162490
-49622
587357
331514
761884
655963
267831
755243
605181
235921
875422
550235
456695
-11139
-29067
164714
280463
992922
919927
783212
6109
437756
308329
207015
371457
425785
328742
211301
977905
-94776
597662
227778
-54960
-77250
349402
243643
93714
445911
470046
580685
420749
754073
178194
571554
733395
724986
-15267
740901
775872
956392
844751
452372
862939
96560
818960
441786
517980
150406
156082
787523
513764
461957
174864
162215
136481
795061
510689
824584
341613
255468
340261
52545
387246
494209
-97701
441214
326328
36350
103649
337620
356866
809182
164371
4569
614773
465836
154037
869912
6435
400302
237064
-23210
-24106
468086
661670
260134
747256
203043
619691
660539
668738
272326
124888
272074
726176
499541
7520
919720
748187
13495
31921
87200
574913
980151
155457
-35159
684211
943408
878776
648234
496071
590821
58251
328348
678902
234850
21570
851797
643915
833572
629463
155258
616379
726288
412558
81284
857706
492911
702118
30980
451057
966958
631222
899270
-85789
134890
821375
389090
679764
993122
986868
432429
138417
43307
130425
450850
490525
179258
864474
528781
235510
406436
258038
839542
200902
595233
814816
897768
745792
759650
393160
150267
263863
377481
689648
571891
603259
989041
10378
458184
50559
504909
762577
402753
813168
886876
372759
314235
390414
932072
840465
175047
258778
688491
117464
48922
877911
778937
804906
306720
-42737
23277
999312
967421
935404
721145
723865
50525
936149
512362
118316
932177
525057
522900
997358
88454
807084
937195
625514
534625
179880
333324
9797
663523
596250
287413
866857
634815
21666
259816
804437
65600
385784
183858
212074
830234
111963
62155
304270
501800
742239
449506
195866
591388
878884
61233
223487
42729
-51687
684735
129409
792741
212177
749291
604637
551183
115439
707760
464456
854165
472811
339312
127151
209467
993682
514584
99910
351462
571106
737156
593210
890041
233096
665489
444283
267476
498452
611350
-3281
167145
127166
181122
845364
285982
148662
286494
519595
99827
520651
141920
907327
214776
394845
174052
-15649
581728
898283
537376
414393
745667
803746
371412
922992
884515
26945
432608
-64746
873350
181397
841229
283053
526580
728078
569573
986505
161526
889851
287833
984595
377111
258628
376734
490918
435642
739882
270550
611040
404650
999733
540768
628933
744243
86964
320855
695957
760971
113643
376756
112583
699852
710080
191917
221055
876265
737413
399706
526057
35958
389987
86297
144230
47757
301875
215079
320875
158971
721401
684155
109937
282421
173630
771298
-37293
122830
-71828
-60097
62704
348036
12945
299825
-75233
26824
328117
-77405
-84740
261587
-25558
828383
544360
826628
167093
612622
346562
326169
868864
433081
762626
901480
630508
426520
986069
-74964
619789
-71531
355981
845328
780385
456097
957635
981629
820642
593496
448276
465412
442205
505184
792463
728747
723666
548506
394614
448616
31528
276620
819720
956715
889291
301926
894937
159930
-16387
899664
757374
969298
-47038
685983
556687
85428
491274
579123
652143
706896
587601
375791
38334
565280
567664
72303
213264
818596
603888
647988
802701
517915
726898
-1088
817385
2244
-37996
541144
437498
812755
718112
6865
451953
260014
79890
-54266
321835
102257
390187
91421
67482
181030
528788
112372
659099
-3245
343811
248364
-5019
-90996
143844
909400
715547
427732
184610
766433
991925
299025
891689
298642
471341
41438
728405
-55093
419525
551846
944732
98892
796971
859751
-5073
974174
955572
176801
908203
930307
553148
732563
501147
874207
271367
968142
198255
13932
660594
328951
575414
31831
855281
714195
-40413
-54795
609669
640113
102018
2269
653413
70745
570576
146113
525579
7286
782167
486057
771358
552112
796057
120266
399621
341536
528366
717686
-50727
970809
726283
433452
161571
-31213
-63429
882071
247962
718873
556707
837665
685852
219582
412774
826441
849191
644763
461298
182266
334360
985387
651812
654210
317602
135763
616583
443992
-62184
422727
-66726
-59287
326065
-22800
553168
369921
722459
561021
128595
939929
59029
690857
46198
305348
941870
187139
-39713
613455
507317
505174
374867
922673
627352
903036
963931
35130
268653
406536
602348
525898
-82032
123232
283720
180621
514470
11428
825790
757032
330065
440642
85806
980769
476669
440848
56054
693899
264699
883630
540645
-12557
400111
543739
777657
194756
579367
621762
11422
-50645
360983
692584
802448
864845
606464
133621
949140
372133
999668
640325
351229
406624
869158
-69321
158166
476423
305862
478200
496934
894759
263370
906928
86198
161636
718662
784000
773724
724025
291575
-3632
799945
680874
724843
120047
774264
363238
350656
207412
437941
979269
369299
162417
928488
101671
683219
617897
462125
801268
953330
357374
974983
53716
986989
696930
-29272
256679
740449
897355
708215
488208
201662
713145
330165
120427
345774
653960
523716
-95205
410836
856615
698677
532226
912555
208839
899333
891283
330305
14205
933598
815687
830068
981505
168114
-31251
740493
-13116
517023
962848
944538
316703
19078
-67482
669255
-5364
725728
881604
160368
225455
41546
718866
97686
133866
41555
100803
-93232
-51730
848372
25175
308610
276427
789659
-65192
95481
959448
468491
492305
600548
84083
976040
-16418
51829
462585
285533
885411
762026
146044
203327
857566
263174
814497
332386
663953
169488
139244
644433
-92654
917627
544940
133652
-23343
737482
395421
-55415
957822
244029
231698
449385
755812
746144
96982
450973
911777
969301
993852
694745
130148
889004
885281
145653
833814
183793
-5649
645206
874738
771617
541350
-59329
218924
349254
839264
347430
53343
-20192
37488
169289
44543
-19034
316502
417805
106800
732058
892852
272757
603327
523158
-1301
719426
371562
809974
843940
-51381
183697
617024
265912
854150
282206
66246
93668
225753
125951
-89076
981275
910583
904104
30827
251022
-79229
408029
879158
618725
632405
128818
964070
782821
991378
365174
553685
599292
514627
-97930
419979
891996
557710
259726
443954
83378
-2122
184736
602572
-92970
766861
559960
552595
689706
329293
740708
802450
210093
-54477
275014
-99450
-28261
915360
709530
95841
-21779
738013
332722
620177
134244
-60370
60192
655580
487821
602221
909815
363905
762471
793896
587033
208331
445385
970232
-43706
425465
713422
223641
-64212
46382
328936
31898
-10377
705919
29107
310135
573916
346776
494848
808423
961393
-20264
119758
853625
63431
567887
504730
63171
789590
21992
497716
365155
973571
719368
402854
703387
126802
583453
317913
135043
-57536
356590
419545
178390
995775
281388
381571
701323
684579
945175
354496
261862
652834
374943
820414
153821
101471
988984
301561
969249
978862
545143
987142
525144
255730
950177
579843
10372
235107
276076
853752
710094
690328
-93809
923587
941177
338477
-24659
447403
988059
371944
407430
452561
257615
-30728
932328
27121
394589
-48602
248237
240507
17886
798418
707385
488514
417447
977243
713936
418350
795940
638135
510035
-92234
927359
724464
648911
664599
245615
453912
-88191
360173
466514
835240
86843
889341
100238
601704
339833
749376
689237
-47777
320147
658924
226097
400172
898130
585791
415135
302208
852649
684157
563543
77763
401822
706235
104609
18063
197583
906739
868936
363177
988358
557034
228524
891295
605524
748749
-83490
878676
663041
411358
722186
512501
489533
903295
57501
499598
335759
607350
456015
20517
52330
138354
206890
844444
-33127
743782
43598
671056
788877
-14460
489816
786835
160081
584985
362831
336022
93110
833133
396176
280995
471134
693089
528886
924669
858280
636383
-62446
304804
337624
372080
137411
468861
230488
366616
917159
662867
958100
811707
211279
-1666
68522
422717
453266
158026
808393
278167
513057
847615
199409
847917
456606
525087
5632
-27281
907427
537503
282679
918459
777351
386029
385940
602076
625902
446347
472102
-89720
959808
191483
886056
808282
713154
100438
134984
829848
237767
831776
394507
949458
294579
448233
29880
617960
957915
1750
-63691
62820
-7207
623452
963004
886029
389830
925597
742968
664409
340522
575387
578702
485651
976278
786001
468174
422688
853246
518714
38184
392176
968891
31134
68177
206960
49612
750536
265645
215979
461772
297325
48993
-66161
930286
375120
401905
681574
437932
148122
-18264
985475
625828
206781
34292
907492
909985
531446
936424
265328
863508
425152
-86430
776814
28043
567844
454778
753978
620346
847420
747317
-45027
983546
754146
961041
235172
-24221
-12577
615974
632325
548294
515877
535081
431625
-67117
641568
590894
626189
-38942
638640
512783
888160
155731
-78071
687424
769522
51328
157522
91676
750398
581802
411804
174096
654978
435469
949273
665282
786411
506776
146156
277934
688466
-115
-32969
91046
189129
625070
564063
256700
-14765
702459
623854
887946
483612
868180
392273
985958
154490
23441
457123
251844
226740
585592
694130
944916
813374
299487
469273
437618
637983
900675
380944
151219
-85567
-94549
68980
536926
124583
972987
693637
896410
481209
680788
735946
935144
591066
-84120
-80428
767229
282350
500624
855558
998540
236891
779030
972159
341846
128897
-84302
192063
967584
484197
-1705
-47191
46198
831933
176151
620649
120105
603413
61998
908642
339388
111647
945248
602226
224408
-81189
-21996
885131
35108
143956
807579
154762
524154
582690
624753
657785
634012
-92165
90464
942184
767210
167832
309286
730870
24570
702439
105338
719753
455503
442214
133543
456939
873900
688470
-7393
968496
432003
58716
393449
-16890
658185
706649
542543
-28980
642074
762840
464956
198869
114540
5802
599468
-49345
618281
984303
480602
60164
163857
336455
851387
335168
897516
981225
75769
11806
734117
-93818
-21164
744895
104232
488255
431302
855599
421090
406192
259697
719351
611952
389042
992920
614987
925871
847470
-84086
137308
110708
566443
110308
204053
558940
132594
591644
5758
449800
156218
220509
826357
328939
409947
977985
840947
131470
820061
17180
566328
153518
-71869
62183
547795
449052
651649
217628
722019
-13833
852603
225185
580842
321346
273709
213278
113041
220397
-75566
-23969
936746
713183
875421
12954
621722
992189
388608
788326
261764
767028
51439
380967
841077
21686
512597
373779
740802
537635
422311
606134
883160
823718
380876
109876
244899
699102
474143
392767
332857
205038
859
821588
-4805
934616
133887
284057
861719
444674
224114
531954
798875
170168
907043
478317
-73988
31511
59078
865442
251651
216970
152135
286527
148756
197439
160507
361091
341429
73818
393831
140709
93654
631031
793113
67668
779008
288584
497965
143609
682144
69223
692822
885477
264333
970261
668608
-88576
723804
555240
724875
617124
40423
-8312
321291
973676
10464
135121
556474
580437
573196
907445
124319
532349
-89571
146163
119984
972089
394814
901375
834728
-1781
324137
112885
518482
447501
751570
867795
107977
-30829
535503
552313
586321
458105
753148
68271
57938
942837
438438
671212
629484
214943
627342
910812
305510
921440
165893
-22833
270048
365548
649885
-69583
646316
55048
14698
14579
516314
740559
319555
299560
68315
598020
727852
117885
111555
201059
867806
56326
438769
571513
202949
788738
981331
960067
711092
451974
550060
762587
76744
117788
783310
273134
753235
410951
106776
743019
470969
843569
16167
282131
812847
67405
442110
373548
572168
712049
178428
390155
380741
435456
306642
-83520
962963
601520
452714
756133
65490
302577
232736
890310
367697
245437
629277
754702
508543
132828
876672
229341
781952
512748
563335
565139
187199
930137
659463
984749
780453
903644
-96875
819336
6289
525341
514489
579395
148628
783241
585724
630235
134263
-97080
385359
271268
805134
901315
194201
863535
572937
496003
196694
248333
219064
599945
213012
272673
501993
147183
533807
822813
797562
279427
949052
925634
7457
85337
378164
319681
369648
-26162
355222
69315
95095
684582
279868
-20139
886548
860935
881782
350967
684636
371110
962808
181502
-34411
677516
710825
783697
566479
815693
353017
229898
-86741
460880
917134
40023
920428
-43977
389716
504063
507945
640812
-47327
269104
-49850
-33936
256796
60399
6682
428536
329449
-1185
-48936
178624
439558
68598
471515
734019
962162
52997
550448
411841
696178
840794
781784
770148
166489
225362
-34197
440031
-32179
121913
724843
803992
763704
37113
947153
-98735
302677
531624
657837
670779
40237
535056
25403
585525
836158
677001
835240
-94576
50675
12412
938101
725502
983954
57141
706511
161301
-75567
533271
838853
38135
131033
591780
276752
-5263
756910
781556
418606
575955
931210
525622
743940
381023
775074
-46929
790233
-15283
465330
590426
274779
551670
422680
310905
714265
367520
745721
535037
127969
858948
122272
828486
122387
508331
637934
881218
-93151
113760
94920
104172
938377
574395
422230
-19292
485686
645603
377035
557101
-87789
899770
644628
-93199
96026
414809
200103
813531
-52404
348433
232355
250970
735511
792171
661601
622147
728270
760614
473796
204545
188111
57143
892405
943341
931686
-24780
755648
181192
243398
218719
209313
944818
569159
868042
496594
596741
763055
302405
360533
598211
239588
578382
138183
188598
751452
802195
366388
474037
-37259
382253
435796
476595
999703
180266
358632
893059
774958
189432
-55556
920451
466432
72960
954009
-95026
251623
484197
42690
482787
224967
990116
998196
859524
927587
285339
193435
827415
853793
-18258
836157
502582
871874
-93196
-99832
322614
544245
715529
436095
172360
19883
341246
398454
-84896
794008
745214
883234
137187
140893
460122
356385
454532
608532
91433
652196
290716
347361
301458
874055
193726
403306
649767
29347
52052
543527
-45371
469421
130852
23417
345631
-18809
372941
564848
357573
358644
257759
351311
265641
914727
222306
794927
227647
629875
450154
18435
905636
694276
500729
513712
479961
520281
695685
988437
628848
760190
899565
332945
111725
260201
-92535
679349
920640
630131
96635
720981
176666
536529
99945
802036
500791
-21657
605236
438427
389692
549085
295805
91140
449117
920669
315580
624794
-22710
662639
544066
119971
830895
387502
314648
-93786
448233
437280
675901
-46586
595222
353490
352149
319634
551510
998767
80196
983293
72346
714789
38552
427886
523736
246864
836031
615868
535918
-75033
380114
879240
191803
559532
423537
239982
-3363
658785
835120
830318
621092
986770
204118
428265
-74967
624220
408541
612914
551699
143597
760471
816085
66030
10047
868106
121276
324515
341401
366589
491835
23174
435832
229277
529398
37883
231206
38727
491581
182104
595611
707165
194011
668937
-3670
547021
820209
873018
36283
164277
70794
762262
417951
772506
376932
230423
799820
770051
736222
9524
97275
581626
888015
8449
972065
55754
-34895
497567
-94817
105923
13864
335543
715139
926387
959694
280719
122742
895320
392630
154764
974937
944713
850657
624491
701221
-5749
-17042
446080
709471
304526
783381
779239
902173
609398
966526
342835
562069
268422
170411
804800
912165
695341
824558
261812
646181
588028
378074
394635
574191
290105
430136
490468
883007
274718
141211
87848
998003
-7086
411344
137450
604044
320022
-25011
32963
633659
611609
895803
663367
893330
-71081
286532
235491
298584
788278
433949
412584
224926
-68772
999459
978977
551592
161278
911427
450743
-11595
332176
-95721
485752
81290
-53785
854995
207186
604472
296159
11668
725633
622108
700437
322620
960587
354508
220080
972644
100714
128281
381317
701244
567601
99806
712020
219786
643519
-60857
454054
777470
-37385
485200
587390
347861
318673
431997
-50705
394558
258750
600519
629542
885785
789016
137313
970962
386073
856830
590265
966124
315878
596408
639479
390180
668173
717003
751767
807110
435599
211089
572108
658545
459496
586424
95905
546589
-75499
292709
985878
785258
181834
301881
318124
184688
815720
623899
337802
602024
804031
669670
992124
943407
302001
594404
673107
741880
407651
508483
623731
7289
774882
392101
730625
101340
390731
721658
255933
720759
306941
-58470
582393
755522
877576
221557
734887
604115
822493
645592
905328
210876
-88377
376442
866294
752403
-8989
265322
404928
70832
625534
205639
75423
-36418
753331
580291
198391
933327
803787
-543
-66459
614041
259558
-83565
562570
728998
344157
613505
340097
102491
555996
-2393
-400
-13722
911275
311407
320989
338885
400987
575114
367819
145393
-166
-85140
897004
900766
658176
-97448
689948
127026
130918
97225
566250
105908
781192
421481
838623
702076
848358
409475
25373
306264
791644
-69777
488083
433094
139329
812937
295276
-34979
712236
484854
665023
155345
64335
264603
540994
969751
490020
788190
101858
718318
420208
825708
514167
314299
88841
955850
168863
257392
553758
642633
969083
865800
512579
857950
436386
441729
887800
858911
179361
673145
929690
-90377
53584
-94541
518878
940310
495809
724377
-63347
613232
123769
351166
91346
954434
-59450
780801
766846
97379
99103
3000
699334
900033
-51390
838614
270095
362239
414685
287825
674465
588571
841445
794420
569197
629972
962423
289881
435562
952926
461547
317347
827469
865135
115885
944234
971120
-80348
881617
332221
562214
360367
639567
483066
719118
862898
649857
886270
510014
649316
467568
-26932
677917
689013
482873
142410
80055
142618
165221
235645
644628
799941
-67941
90094
980001
512309
611392
253193
276390
581266
157503
-72107
-78923
687711
65305
20009
635298
267667
854472
506692
588009
163283
473502
349022
75628
600009
572741
911975
209837
349095
197953
202489
415012
305938
294807
999446
268794
753231
548139
999127
823917
293094
286642
348856
837779
608674
31585
297992
831020
350051
-25734
-12665
394754
99796
646457
481880
765371
415595
502243
740393
783319
-25615
643121
601630
642553
388264
387690
727867
439442
503923
14390
358333
243931
402595
204552
769606
137978
542737
-70041
417319
492710
-72355
567710
784544
687924
250451
536011
376218
374583
388184
562033
788343
424742
807779
311548
978321
256079
315853
447435
-59847
-30107
888536
820531
-32558
899880
505763
295530
160138
2324
-83636
195642
354585
-94160
905268
361579
83850
969312
564769
322103
331379
365171
779080
121177
107861
282055
811735
673433
191122
703269
-38276
661367
198152
265732
627777
810975
577225
40789
933380
-46160
728812
646373
566937
663472
-57355
-60692
644636
833198
165463
371950
548013
528004
193624
477779
345244
676888
446663
716233
740757
683683
5508
617153
477192
188896
303241
120693
842754
338058
213780
533827
258716
972568
276214
851724
711770
425954
949063
954712
898794
912094
512950
874720
355326
-29724
766625
-68263
384692
607497
827238
330751
140849
300918
-44439
146635
201870
515735
980783
24556
199425
135492
-79161
795950
127256
145527
485042
172144
181076
263533
196682
175940
357186
352656
-2362
333729
188547
432228
25165
266305
306392
659717
932938
515162
325276
56375
791385
141269
440785
149465
532528
433787
-44877
319766
153738
436043
805624
857038
645432
805444
195763
-2177
934200
258874
160479
-46345
605461
246470
809595
198249
968880
497851
776603
228098
987425
426296
401611
923390
-94066
512135
699296
660095
870591
246587
7857
539502
402168
22282
219499
53698
475118
661162
295054
137654
950714
857308
100142
422962
820906
901500
849732
867126
822548
885782
-38996
-82488
848580
514134
454541
274800
42980
553071
557093
866472
250656
340442
-78082
922744
776245
234046
143066
519459
99194
351797
302742
335407
56944
923770
17493
699500
-34460
705150
15764
61563
119023
580275
902292
17185
-62284
606675
4225
738381
674558
33195
170384
597046
644549
-73361
753392
573432
435046
820512
945105
806260
779529
821228
103279
364690
113177
-81022
246976
50
766392
-88856
-15409
322640
648858
567289
190603
527980
215810
-40704
742394
2543
571342
748038
637250
754505
380435
355269
871304
779514
538638
223064
560323
673905
2477
86177
581157
335770
618210
618753
963422
783058
327495
729322
476480
340327
589087
383024
611282
299778
209546
586289
482116
-61516
412083
495087
802764
277352
631341
841521
75256
491290
941347
549322
-16693
986585
639043
926272
624118
256017
848393
379661
-3408
782163
536778
133367
672724
290269
10773
529523
200625
719838
442074
281505
828578
684652
809720
768251
837132
639497
856217
722593
694828
32437
644321
344916
489218
905692
696102
379432
661
491118
696591
723282
629584
190333
600726
232716
136587
912043
192280
239421
-20805
-12574
-18846
733428
599330
108669
344559
139088
11879
22424
844767
2158
93721
611704
435598
283671
821824
352184
5579
369213
-14265
831079
931896
388204
449030
-14443
402997
856722
925901
-67938
510761
141165
796443
330435
50297
869037
-32364
50801
-5152
583958
106460
841112
31333
283933
333064
518350
855510
970768
605521
-4951
786157
193800
293931
699171
869981
494918
345292
692031
541778
730799
250022
3773
225573
396451
219628
649174
609355
100457
858637
677335
600662
-73302
660583
299785
515482
-49651
473465
739412
578708
553909
591405
13678
-15636
212479
920494
-70206
851545
282438
775110
460209
-48781
814767
994704
944179
558829
397820
242831
206004
383319
996195
945737
-45259
322861
413947
680820
369333
133954
829723
208462
750157
309075
-37872
218738
65881
508111
358155
919680
449925
788837
74668
322273
867655
554095
422164
206274
673876
84847
446581
400267
877016
44892
172714
375147
802441
992708
22893
-65440
440889
440122
392528
714283
476589
-51025
437647
147271
591868
897285
558358
739237
874648
654066
362194
-32346
108096
216411
3645
345403
25008
216912
-74842
220096
311957
829023
784126
766616
-38485
524055
161081
595283
962823
705159
626334
436524
-42242
999821
-81398
217602
-25260
428957
368783
837980
820255
-71646
187045
349356
-94148
490259
769984
271224
129508
768147
907589
900
833825
511365
610851
504525
141457
300491
487701
645473
664490
839992
469648
815360
194512
592867
977650
869055
390469
233496
648697
504491
8875
996051
755761
772585
816653
488523
589342
-99671
-34767
519849
7754
1923
612379
954655
448612
626427
884339
407655
741778
192311
862791
598123
866734
934156
101769
105245
352203
503219
480059
367007
110594
125840
886827
300183
-36648
267957
488224
358098
782483
786144
477275
177810
-29829
666715
-90456
609202
-12415
937887
715546
186479
184925
-35857
815222
630620
242456
301490
629465
101177
470964
84633
625182
367605
98541
753443
377887
501496
498286
211499
-16846
555532
166047
255179
190068
964314
404296
185143
894986
755643
972093
943968
455168
127717
-73744
811874
335566
450706
197721
12024
851845
581595
117854
804821
-37742
104013
196684
52071
338244
-41737
526707
120198
238988
248655
951576
468363
167123
534170
526455
-49809
523918
97740
670205
285597
431956
178249
259938
68442
446167
222285
516085
662044
15305
629491
154874
392834
838394
735667
775353
-73456
947393
404169
972504
-15766
902231
934656
844582
29593
193594
534394
392390
862180
134321
743401
-54242
568960
270950
175378
763683
306022
800912
908554
178267
173847
113200
663652
-90736
669169
344959
451416
615119
791469
182543
739346
96146
206226
933971
948479
483180
637632
512466
277056
712247
195412
649704
731176
856731
514208
597481
-29750
96066
230115
327656
613788
480429
123710
786255
363006
559767
77509
230805
245809
718977
749458
763696
629040
941787
713156
111387
708721
197608
182116
82262
684717
436894
467394
555945
729486
70200
376378
18619
815346
392370
645504
583616
842910
247792
237036
710372
533598
720343
481065
973496
46532
384977
981104
449505
130488
840245
149410
-80568
344413
991039
790335
544414
911063
138127
74227
212094
984924
713833
712063
111927
347450
240197
936556
166762
-13266
112761
182865
-98453
876284
464652
466834
346806
113500
38554
952446
860356
364709
215194
198117
93336
-55559
-6370
935389
550380
541641
714588
281003
144815
736221
-87693
500329
567941
580230
861796
459425
834165
666985
870255
851427
426404
385671
637774
636404
-86190
994385
142012
956922
944716
686253
398955
875212
343246
592155
352402
987643
597157
716248
128888
672907
418018
804765
962442
228723
-70265
846245
639755
-23451
368563
522812
953797
883468
786162
579706
406353
385951
84771
-90093
739279
180273
90329
64792
600411
964560
112944
430887
732046
113265
706765
969758
585298
366994
371255
572493
809040
385644
749414
819097
659126
680810
154363
804082
671325
-14982
691873
636657
917568
226937
812553
131554
917948
974628
59848
78036
399821
5452
561907
604964
338885
58796
230820
485641
644361
-14351
823237
544329
445071
14420
-8338
-19941
183117
-8359
172577
917481
604390
987027
753465
170362
744773
283578
696224
738835
728010
324793
860395
161343
980257
584847
927493
762834
655789
956416
404362
744125
569145
709295
714459
303888
713893
765272
214183
745724
-94099
979811
37906
274760
693590
838049
853363
897809
880836
192282
956139
343711
336291
-93687
585205
421457
305670
417105
287987
38478
918881
231571
389056
148127
660961
546795
947863
535581
444240
600048
478403
104000
592450
267622
370898
603644
669218
938403
949830
128913
789328
522739
851554
354840
541411
-95137
772110
883122
259649
941495
734973
268805
600608
-43291
205012
844410
560770
304733
866790
742379
377400
-3580
425622
686602
747408
54268
224464
551416
571335
619821
925895
-78185
618592
399173
904152
-81729
311594
-94363
464584
977212
290027
271416
674138
-14902
751169
188422
489496
731502
901802
922958
92170
501923
757589
23415
442543
441597
795566
52802
136531
803599
247512
589963
137748
855045
480511
492422
126014
988168
799486
986601
761418
946081
-42469
575154
129930
51200
237642
443472
289615
929633
-91459
272351
237967
761936
-55854
225283
941629
235057
-44307
804637
742732
162772
681123
830347
265869
383762
896166
154793
520840
893368
451337
618115
-29546
480858
748195
-51993
779243
739928
242956
174512
343644
-52582
525723
-99250
557942
182269
820833
87997
536254
179699
660928
420508
182084
487947
320852
633321
42252
78084
75218
342232
931055
161092
743710
144610
499022
424658
922782
589957
-50807
116011
744498
110538
380186
993428
324163
612343
504247
528338
963911
996638
419563
87361
123500
562993
319003
746852
576770
400364
63670
151001
39224
388173
353668
549190
73540
487887
784761
998800
-97153
545966
862209
784166
317579
569031
30881
483830
808781
450381
51545
833182
821539
700412
890210
990869
640873
380591
30852
645010
418330
239684
631165
3994
574015
186117
422219
18648
832759
31107
579092
750688
814664
348586
895335
877439
-16264
549566
848342
279567
543194
639399
-5120
446319
90239
-30050
542317
-45744
-85210
701889
12454
946693
301083
722753
323785
893512
256140
884729
195359
709115
598919
-94169
-58224
327205
312226
910432
264071
890344
778279
88706
522043
718475
11273
690095
518518
76876
123194
467912
658353
875706
860002
771801
968935
192843
511211
662244
119723
143172
662793
610405
691912
254970
27683
262008
123736
351156
60417
9941
237543
358797
571615
709596
377705
-79866
211959
-6849
979715
383975
987129
596027
-95161
-47867
867089
923600
241910
765510
336853
874768
845764
-94901
269494
816399
-3898
649272
572272
301412
44398
649452
472663
236264
-54089
987190
603818
433690
461924
-79455
-2287
743289
-99905
942285
875351
358556
624767
90029
777409
797873
709468
688070
97000
-97912
6339
385166
518555
29526
403429
546576
719891
538531
230397
-12053
850150
-92191
735342
332200
813485
546645
810622
-86687
967812
364295
24907
622212
671283
290394
843908
652175
914802
810904
724290
733860
995189
827498
895325
910094
434253
-32996
527537
269208
942463
735374
845370
690501
731547
599526
440138
578636
127365
441840
879227
12970
980367
175374
687732
940730
462689
493071
173521
118869
-24595
-39989
813775
623671
444525
223400
627841
15351
907180
115174
682271
308008
899757
346529
40270
-62117
45763
532549
244987
963363
339860
193507
207650
303494
533732
611604
451371
510104
633506
-57924
755456
474491
65410
235566
374612
-41046
814438
99385
96979
206826
639459
683327
211591
907252
417762
913640
944121
271601
67919
12089
201462
-18934
-70261
548169
982879
709885
-38722
571256
441562
284825
1565
733276
8746
761790
132777
674524
376657
394373
968983
969554
226196
393833
422720
721930
309734
533202
778499
209306
480058
107916
994768
676564
218161
56513
525581
67254
315698
214533
919312
834446
521771
809947
126794
42808
345942
980205
66420
931685
834164
89758
599240
61584
105516
73416
125633
641820
41111
903453
824415
41685
35108
-95012
84881
783171
98846
-98532
100690
401143
260768
443179
241922
840065
425785
-72323
745545
898262
102987
990402
23616
-6828
298270
914768
948638
-81594
796369
114888
295805
-96100
90252
158579
61781
37717
160188
547144
845224
628714
30558
-83947
185196
484641
189721
40313
159440
494932
331136
464093
261635
353041
529655
47074
202714
841264
922967
711917
32267
187491
251583
310183
114593
542692
901437
622745
738325
39379
589633
251572
371136
101516
418322
140929
102996
439433
395859
249255
93363
579680
-76472
528856
91809
884921
-55018
271730
506782
414321
548028
700049
599555
395727
155858
480643
566080
385983
671656
491416
675039
571397
752798
457521
193765
696779
-36320
-64838
318295
824984
932413
-74542
996349
907282
286214
511836
185582
847834
719520
24393
520005
295806
561136
77029
63185
996966
995763
833056
668657
-68318
601456
624496
773615
-64290
280428
749096
913239
408313
902898
616723
491508
46865
902339
7634
888240
283443
787693
775316
886284
-41763
935206
705064
347031
-2897
746451
-2079
48218
817802
882055
545933
-94622
467339
11855
907600
29890
-76392
727756
314063
187245
436094
-69196
221994
989070
115623
587966
367392
371500
161506
-32593
640541
-97983
-48212
288922
664366
493504
817351
959330
149027
105805
584566
65546
901469
444209
174846
377898
509697
731296
928823
254503
620824
338248
44237
478436
440215
665630
11566
933038
779392
816708
862564
756259
653835
122966
661002
867042
551193
903455
667932
314667
-2087
-90648
324243
837024
-81168
162880
-41854
277147
434881
617901
-10503
752862
89405
340899
-2902
752685
290582
-5557
-69512
976045
840759
320976
932621
855717
47443
317923
560713
593739
-53383
558677
624377
69116
382774
227071
981253
894003
844861
396239
-91568
270725
710995
898892
334479
-37601
439975
354101
564396
565400
866716
842104
232359
862410
436165
792702
112965
52047
616440
521917
438731
983648
207440
426528
394859
-63961
-26915
695559
831089
829783
-45984
715434
303070
572580
862863
723029
-13403
761503
561430
695223
887138
142019
308470
553825
472231
553581
861849
5664
754085
175149
425595
329869
172631
519674
455824
991171
-69025
533447
116791
55742
272971
93462
918185
916082
81019
203128
279508
188482
-63434
214757
163313
998859
857447
594579
194402
901233
189473
611811
112598
985946
462914
644387
165733
403263
-43549
469816
448783
167448
752506
164830
241789
616421
-39852
12482
162772
684484
679839
808477
993232
-41504
289884
602270
-96078
356278
160884
297421
128697
809873
890752
984642
670982
117119
256092
462568
478912
570144
186351
652558
882493
475670
695741
844772
339340
352483
625803
660864
39545
930408
844462
584560
510137
878379
824317
954396
388510
619235
699655
-81210
71285
-44229
46326
874954
411270
937566
490556
633189
74706
985163
695230
696912
334796
758343
247077
-58842
34516
173664
857716
851504
616972
922261
754632
494625
-22049
938239
898441
125193
253793
-89845
827322
356328
798530
169408
49375
748301
838025
380760
270922
94138
904952
961836
425849
906866
32031
76369
97102
792859
750232
620066
892680
97569
-76797
344209
16922
851472
798581
667870
202843
-61752
479254
324199
741341
260833
438885
784259
768135
326812
75142
884897
477714
290626
503380
95636
690306
448770
488856
589789
300997
189807
998971
141006
-14251
592448
499274
539290
348291
642438
798232
198170
723798
122237
875081
562420
990425
103848
346295
176745
863935
394262
54804
329760
241386
315383
327372
818423
-24640
72805
-47659
393370
939921
355774
-33603
443405
540075
965412
17636
847787
205693
242751
218177
55342
-3177
44386
774547
165932
296914
347064
442400
912744
529420
525795
289900
729297
631744
-18014
-67634
942206
527721
601274
206133
131958
892763
914583
149150
610386
218794
-53192
271692
17191
-89313
577342
639030
798366
397797
99000
-43641
617911
522714
733937
113608
598196
978021
877951
120093
946034
514268
764133
698326
-8606
602234
944707
303339
251786
271039
75147
732802
772901
828520
69928
905240
780901
221348
296493
260239
360347
581339
352121
446048
267869
808543
956311
878445
839504
187989
284330
771616
203477
831568
-50843
390604
-33016
652124
468561
788034
508390
677432
-15196
998482
133143
424552
253578
749994
551522
742782
736625
641460
130482
510986
390326
275715
988835
921554
657066
846125
772464
613644
728738
357251
256979
-27060
663734
312210
387006
499252
825687
858841
288139
95232
-23048
673260
557432
134723
497525
503931
733579
-12040
623198
142199
611707
95582
470217
833235
576374
636906
264287
554386
828315
349646
221455
52073
813393
-60593
59787
536159
510086
-95394
893304
538104
346135
517972
322834
635801
369567
607824
594117
392780
956922
760665
115362
327196
-87123
-42234
196562
996013
-47605
631723
825497
366068
956835
744424
537590
974076
400949
46000
-70354
220602
336812
207694
819579
860256
129556
-63587
294997
156799
950723
708609
345591
-48359
376164
-23654
454982
285057
237207
512628
819996
844780
133590
305268
372206
338324
68820
188640
420245
-28212
369060
579051
741926
745944
806392
794022
324956
429209
700847
237602
624221
556663
187594
979791
512407
944117
258199
212828
355730
809884
840468
320254
-44516
449880
833379
121192
524810
344057
88462
157986
354168
934007
393533
349320
967071
506051
-49844
716597
397396
546223
692014
-99510
909644
236318
-54046
360372
383668
-74149
3155
126759
825333
163355
186054
7432
514764
116675
559752
969068
603404
306081
959827
29813
673415
511122
-35767
72387
826860
871294
456739
742747
297562
730389
493329
-37413
916080
532795
255639
611200
585705
108419
-11422
683163
905247
461351
987557
-59031
969443
562742
397930
525389
758008
26451
334442
662916
459700
312522
928566
138856
-60933
173867
704312
-27855
195354
-61453
857728
373952
122572
649240
687007
512593
123605
615399
257344
318098
592030
534213
585725
709211
660200
590485
908532
503782
269095
229958
875568
643580
905366
519645
367882
12687
770130
186337
941103
585769
322670
311534
727419
845492
460839
526224
193742
725820
410047
164503
571181
852279
569548
435184
386741
133035
978547
991917
991461
582110
886077
120001
862173
337490
308850
85909
298213
851549
893398
672415
58347
59160
752071
629693
965965
727841
20647
-35172
106515
997941
427012
945733
668689
417435
382442
940436
785824
827156
551498
845018
199613
230436
976047
378706
50218
666163
-4451
878845
316250
-28812
268681
334813
935102
507727
173182
606928
24071
613248
551786
269496
591817
254595
84180
-62548
450365
470522
825785
602824
286549
199866
803500
845740
282475
932957
993504
274016
27185
944568
662188
292827
313788
926011
578968
-34298
160925
84489
214003
291814
583077
-65521
351387
266196
318405
534193
105724
863203
924764
640863
146703
142551
165702
566831
864116
176156
876320
783962
-9355
337164
729671
255628
997556
831830
276305
435789
967510
-63712
226649
283883
660568
614339
519545
698524
973457
926068
667241
513596
571844
165755
35919
33230
237192
976345
78928
810833
913034
11800
911694
948565
84143
39643
4856
31833
14910
511233
556870
744726
767185
690985
-49856
264508
630299
178582
91346
261825
667456
449664
-73726
493497
549373
183255
89419
580959
324856
602979
345955
3208
-10479
943212
193551
757097
448153
788600
574841
93342
614233
413014
162325
125662
497969
387846
-6409
-64655
63566
431439
996302
423728
701922
457572
826835
226072
-30359
632254
158958
527676
267357
488277
996111
698061
214427
829314
719457
-29515
315889
681149
126730
932224
280557
360442
441843
490228
980621
326928
111912
953556
667702
-63459
537473
60804
895361
124029
101974
555795
-80602
533570
960922
320043
15536
218228
598680
917010
355032
-85633
632764
879690
604089
861261
-14199
839667
92705
96781
-80146
20798
521442
261559
2969
615782
60421
554701
605936
-27303
-8362
635600
567879
-63319
635940
150545
403812
236713
437921
768468
339908
434989
684918
872750
818010
730312
504150
778685
138946
570988
739148
-50997
-75831
405262
282182
660266
985963
-50484
63041
981715
315031
524097
249738
695521
350053
801265
869786
706133
24541
18159
375540
142763
253406
285745
337670
901768
90054
476521
648462
686216
307909
80362
890718
610432
228879
405879
84451
629192
-77184
715814
837098
411248
924155
522194
2387
958236
56580
909144
629603
564435
590816
628264
457460
683297
265262
-51247
135435
558084
993351
379197
104008
778489
819060
991335
800488
758294
862930
883006
-77582
281956
-49002
185132
59037
562865
849568
106608
339796
683420
686171
416449
197956
-89206
33677
107753
36744
21499
47491
888425
231603
35852
601885
762990
804022
690549
863652
188554
255553
908142
330127
775145
527462
507901
604627
77170
786685
525674
237556
815206
924142
896217
851068
383497
780204
803105
149234
611502
111631
592216
187167
428247
872486
172888
740372
719561
-45637
693479
775290
-31020
734389
616400
250193
735015
944243
70526
970007
132335
528231
66307
149331
798341
188861
583445
194123
540615
530606
192031
339532
640144
131280
273793
548686
168512
945982
354605
132481
893630
334253
565285
-11857
892805
536307
115263
718262
598667
242560
414976
-15986
60672
787829
256281
340991
164875
580121
603581
938743
696646
-8072
149655
26131
202955
217023
171331
270930
48623
976019
46421
832925
137050
206467
471123
710997
160185
961789
260368
359909
-40751
378917
110675
591265
178721
529322
558353
84443
366271
710924
613471
148207
384506
289054
273748
805915
219183
705722
127022
913815
730690
952355
785009
870643
-90798
277179
337356
633945
76502
784553
569284
47371
258103
157253
449208
-824
815978
344588
614248
102585
63017
708806
124638
433276
409363
624499
490247
505022
498329
660502
281144
235080
858083
454377
833189
874705
202406
-77755
667580
524112
530447
489453
232143
202920
173838
723953
-86941
803988
161137
805763
283883
159417
826130
382172
766554
361938
-35141
207772
811253
948149
541177
882230
716274
414123
803729
13111
517644
613613
863933
15505
722851
927119
926247
393570
389320
-55955
946599
535116
535915
863342
778203
479601
780595
402149
533914
458268
83918
-82361
41203
797059
730295
592827
354223
750174
782153
-60626
695886
540410
966642
163002
737385
41078
840245
280836
531062
-13511
-18861
125299
153744
892198
87417
990026
125890
236917
558905
518943
533284
101573
461425
189328
526486
509195
302366
875408
-7155
57699
646444
406332
588368
308547
658936
239811
638658
371537
889443
991409
372009
-39976
-18790
675088
405522
440331
991379
194752
145554
704149
808407
186173
969744
98600
419762
858544
692217
339269
771352
582914
562653
662333
355279
225704
387524
687439
700029
650008
563623
787191
-95339
984096
888242
476060
57987
12842
-3215
974460
268622
979776
380661
268708
-85719
10230
389469
577429
809189
944782
572381
940872
553817
-48881
745292
551460
640354
-32790
131948
162788
-70913
805541
903545
583917
209931
243967
787401
752819
754188
88023
350685
800265
133697
-51366
869743
902830
544499
547798
679429
152415
928187
697489
619884
554780
396074
443215
44444
105228
85899
686812
639129
57978
814820
341567
352220
492262
421155
786307
772731
705381
-94247
200701
877676
55501
209794
202288
184367
756959
966806
379216
982553
189135
347720
852656
492298
-33522
-23304
180912
311185
585878
610120
206102
-90854
362445
-42964
139282
297577
544655
507604
735998
739411
265805
285721
873178
-14818
558292
483281
836112
69833
-450
-40790
-48962
275884
452383
993349
70021
-52244
927795
116247
16250
184213
303695
396054
448178
313638
775460
993950
402020
186888
-85495
355948
704808
887610
320290
650299
235963
724994
302700
953116
643262
837135
631339
115428
342989
261510
68551
-12888
104516
293319
152014
738124
419473
346015
282525
807624
697918
-98999
-16339
851834
270962
985204
800760
182707
44907
303574
464760
116656
299520
78578
438924
909216
19637
263403
135461
154710
107616
689348
537477
-94727
41583
91693
520918
617909
833582
984799
98085
857510
356350
-26922
622080
354407
155284
546984
538773
484657
38188
394842
944230
867512
972238
46344
599735
48111
36990
831001
-40272
841032
812809
796665
226927
263758
356862
998418
160017
457973
201515
-36042
834978
388757
198282
988366
152331
542903
922664
411145
106756
158321
216502
559793
967777
913023
800946
537770
168372
111153
737845
634903
480986
344594
744165
435815
874101
-64812
389261
77174
621240
274041
985889
599030
147393
493492
-31438
581498
68909
816944
889252
749766
398987
544470
352434
415140
246884
931652
426036
192865
396230
536678
-64668
-18965
944869
-9010
-38851
482681
734704
140405
640115
236355
113056
625888
396631
291448
711255
631679
69273
90813
355117
216216
781501
262525
641503
338784
642326
291950
354408
233242
-75470
649753
931244
133453
463005
230142
-25974
-57664
423842
691516
757850
7620
582682
-86894
616889
263877
-85036
227692
751425
-91988
833956
-33492
271509
185742
143251
170267
754843
-84939
348972
588246
692378
399140
633781
35312
954507
654937
661610
18131
597878
369874
141053
900066
247601
906100
795293
507333
20316
315209
829892
-1982
802427
984311
169205
577886
901840
737854
404967
-35096
326242
849838
122236
794227
-8240
258118
816666
75219
543082
586160
271178
37608
-29868
985707
754202
496279
626439
475727
905671
882104
137497
297000
510026
652123
187149
107338
195296
511997
941989
133436
926295
224657
606020
902382
76598
304273
857290
309353
840769
900712
573333
709672
497221
441280
507793
936075
963780
18872
-46099
-9108
966850
318328
597101
653308
3836
849353
974062
65565
34123
257091
123636
900307
616944
671464
962622
783633
571970
851695
-62392
745544
-48374
118985
624169
53851
626813
47849
-82193
393798
58123
23403
352667
532181
961690
2331
540755
768211
576616
895976
353333
472807
257421
392807
873828
949586
578070
120858
440675
815721
709096
609007
983964
648988
350355
-20084
-65805
757212
28906
329728
963852
811687
583605
2309
647079
713718
853052
349900
338987
437543
756802
982674
529831
668017
578632
-81522
63754
483821
401794
786312
262655
782028
209357
-62628
-40269
356391
982415
352473
606029
745773
911182
537150
168412
75891
199093
682393
844790
103713
895765
508315
88343
475622
473718
706656
914725
-40663
490206
987995
977348
717068
858480
362431
789959
79875
609360
990274
382422
324348
457366
291885
815825
797723
161050
751401
267433
609909
912684
386415
185208
871337
982371
711131
759834
516686
814450
-58244
625312
952460
-38374
-40860
769856
794413
667602
536473
625846
-1611
623107
932850
752069
542931
241467
290179
502582
701354
-93868
945740
624605
655228
288399
495774
172211
574477
628312
40573
395005
445049
289044
576902
674925
6531
580779
234335
343043
971844
317596
633159
379054
545315
528173
793234
915162
806392
674029
987409
778801
296732
712776
302100
707798
233787
329726
23303
943237
962771
207802
459708
326865
69844
780860
252985
889174
357848
263977
646075
196132
394738
706069
-47967
189652
-10043
88334
979648
-8074
938914
319341
155450
40424
693501
277949
412876
532886
66337
460580
75062
614100
523221
447187
827629
392669
952090
542507
512254
398045
763250
653816
-85751
456170
701915
53134
678895
151693
665567
925029
467086
575413
194309
-83140
186628
272741
789162
896298
7530
-69456
-77241
406423
273084
616118
337185
819261
83370
867032
943353
193425
887213
775875
248789
-53925
47915
325156
23360
587245
445929
185046
517998
20408
96490
696017
858665
934813
921026
22143
676891
506159
947849
574454
483077
841640
724301
930346
18902
211470
264039
856584
25264
656112
789418
593086
478712
387686
690440
-66097
5838
-8319
951016
135328
-98227
846116
45982
66218
461237
398603
477097
378567
832888
211256
939118
286857
-48808
468105
880289
706877
307874
770258
-44540
931607
79975
966742
36238
795614
106611
507563
478106
771170
-57562
559994
727517
380029
-2146
747218
-34863
932459
177140
147024
538957
516781
29881
334844
511701
726564
263255
589847
189105
508130
127924
259577
708135
10704
689473
237298
156717
91882
292468
407617
644108
80994
179112
915322
266642
30348
130794
628867
280153
693207
902365
406625
408659
672971
482830
137175
740631
173258
389989
455349
-96476
501315
239346
755699
440710
172473
672393
93840
57053
250921
726780
918438
490471
615144
119033
507777
21478
135910
562746
480878
498231
645229
331475
-99624
809369
-69038
34162
807450
251643
394647
960130
297604
753635
848191
723131
421758
913409
-87141
175001
12481
987616
494269
71239
562652
291495
601116
151626
852204
-28804
-42630
766633
665141
-60367
724374
28605
721398
664093
952994
174588
340515
918922
434556
416580
403069
515494
413880
884264
409265
-81774
818107
819534
699177
285796
430053
339805
561914
89557
242090
256285
320085
920771
890879
324006
977756
391762
848776
293178
716995
277044
30719
631213
41309
438693
48148
409973
485892
618122
830855
456747
927222
-27285
680675
49046
703091
509611
813808
321567
290222
632926
-38248
107986
-75798
-97506
996857
736276
740690
859722
-17143
337837
943708
16761
320550
437953
979524
-39518
143699
802726
506503
473948
170537
715653
568141
995308
421286
772784
700090
633829
862378
904907
176449
351368
643625
401553
834386
-87246
62352
198072
702112
82582
258080
432736
890010
865019
35654
569138
724474
-49573
-46086
61129
432467
481509
277520
609623
631523
922655
962487
570577
213925
-464
341766
179103
800009
612713
564493
238149
295840
928319
377019
196125
-20442
434654
786695
313431
-92782
-1469
186457
807639
343723
619207
825045
719788
428834
541865
370948
-20504
264940
717076
685948
82651
287777
808820
570318
796561
686738
-73467
398036
427868
669205
908147
703012
439869
750790
71910
683616
202523
196042
79222
285310
87465
-11664
-21183
10135
807709
-86612
396173
938017
726352
770483
455665
777434
413832
610960
335680
662534
936570
686178
569352
144977
814568
223990
146544
166645
403980
516650
35397
310393
305569
317896
504251
932804
894195
104758
524374
999591
988518
642112
286957
795389
226443
496134
643370
32817
363232
144195
914401
532457
102341
626824
488338
400904
740653
810230
946264
727891
215300
437449
-84931
-81638
630411
-74335
235725
670515
-2035
217885
778384
794901
31638
299967
975283
47327
845873
327351
205508
490024
353443
255443
519907
245651
14959
562964
697478
638022
545088
251108
756497
114804
313713
887793
680833
536144
457677
446846
634295
316648
367356
184302
974508
67300
61365
232779
470470
-31162
337313
945729
359137
64703
14049
297939
203104
487627
150971
660852
88244
347015
-33089
172937
409000
238449
520870
18961
252153
70184
601715
542509
380278
414850
782068
83878
899246
174076
162960
978800
693219
513810
350837
-40053
600178
87865
628204
924170
280892
209945
796333
773871
212870
580251
163340
774323
248545
221924
511769
351060
635132
822393
127351
568276
167105
700197
22727
86013
955737
886283
348973
702199
484106
739098
590449
-77748
996999
-2574
929652
604710
949322
823886
241737
368947
171683
-92848
760291
380820
188763
22463
825767
629193
276555
99238
231086
500664
628984
321278
957598
330109
527889
-88167
944922
420306
193008
772929
753026
-81983
865556
558345
433004
829194
642035
568495
230636
925848
196059
660963
724142
636278
340524
296825
64555
113500
560772
632533
766773
469793
679636
139936
708742
579404
574606
166880
449231
861671
355556
24295
660047
535548
904526
149318
61262
194538
808175
-38817
837060
760954
811903
544949
165700
208116
46069
-88453
-32180
592183
838779
-17633
-35481
439451
263218
629788
275492
567388
983106
-58057
885382
571753
25776
650589
779053
157573
895474
144555
135801
870580
-13858
144705
945231
254561
-11955
76272
132286
-58999
82827
414800
-3177
639574
246508
793713
217621
224055
531479
85209
199293
767898
836307
231257
576728
614301
437088
694683
883081
592264
386281
391086
766669
464017
375168
32857
104121
50025
296729
673738
815238
725474
975865
685434
9348
-58719
244688
60578
232691
674475
-41309
176332
201866
570293
744249
-73176
-51574
-96347
-16639
58934
261257
739512
374778
875159
717030
-63369
-78077
966395
-67101
916247
140586
837285
895379
327302
752427
162781
663129
564646
490119
349745
551674
611448
618188
926340
-16818
32087
597282
180716
469462
467820
588615
580560
248724
401580
832235
855614
449195
180205
542930
833452
667442
381280
371951
672540
420771
284160
-71638
420028
374024
-78710
151187
937780
-46718
205582
217680
332227
50735
849276
439234
372602
856205
312396
444517
680015
877171
400711
226322
353130
393615
108179
316598
714149
920060
964738
182518
879782
31100
-69096
193183
370685
294529
201190
670582
970211
242821
487979
331040
134185
776067
899516
622303
204085
843628
146836
799416
713902
19923
574589
219550
679348
114878
370085
681800
566882
593066
-67960
533642
-68967
27845
165101
749679
575458
923472
671685
188165
100759
-78388
-5962
761012
-54774
822174
365366
314299
39416
557520
80197
563935
604698
493943
469387
245848
63290
396202
279128
616049
690528
588703
714945
972525
492855
800265
740030
125897
252464
118140
242991
717596
989476
103009
430119
499279
917101
-16407
213942
838820
398950
666411
876317
672770
8594
937284
-33581
932788
307129
10285
885467
418343
913699
475098
527311
347775
181890
943380
706778
-50785
762082
907932
115734
820856
907931
-87239
626270
11453
444073
767605
430888
130367
532311
824455
409831
707804
717676
790730
282493
91195
51550
-65415
10077
976993
414967
347155
844847
851598
-41370
221306
898523
559528
589291
655352
749502
563160
108666
785976
763274
568423
-61663
471654
715108
940287
12003
21094
619005
82660
808154
381380
599507
60331
59197
363044
-54929
501460
456763
974870
274960
632068
156731
652653
537708
349756
13862
296527
797407
872962
710258
900491
689969
414230
950300
831449
147036
164748
944945
104225
191310
40571
497175
315156
759357
-14836
388167
73161
196212
936916
340256
938637
970529
228040
673435
529435
278710
410874
260200
297778
975140
177552
204219
799595
63433
637072
891289
270879
702757
400738
525035
842853
509043
-24984
773548
-77112
377724
365296
943985
951199
928902
628111
440951
771415
443229
-68470
787832
578974
274612
704786
306965
697988
805870
709858
31923
-30162
815417
586488
306821
387706
713969
-57352
501058
861545
360484
255698
608555
920190
718683
401115
818320
1679
218500
316876
414795
982176
581322
970622
496969
769679
481102
982787
772743
353151
315857
933049
35096
520904
418193
224546
558476
-97727
-15269
-17762
999891
349419
874279
632958
498350
-69628
486561
542426
-86395
52387
832639
642930
712272
309190
333169
-44820
-6428
515968
128749
882331
842393
285368
63071
780793
756111
641797
252825
638700
808518
527897
319618
239791
558473
326503
-10298
786701
540553
139031
719525
583886
55449
823457
458826
108446
711216
104046
295326
99760
921561
512826
25368
227653
372411
276355
499310
983830
753714
148275
765419
739019
-48635
75154
97959
438747
-30971
694848
54224
682100
571385
273489
988203
592139
856476
189130
772542
718543
7171
537861
909853
488195
569080
-5616
321494
623587
18249
148628
501796
547365
716590
238890
52950
292699
407240
468240
363634
703622
500172
418779
391370
872741
752273
-89601
209643
78111
855012
283173
849595
213204
491452
230039
161164
518288
617555
543731
996921
99018
306901
-99326
248629
118038
986174
560611
500360
567014
463932
511743
253118
439406
295767
133258
248758
477435
553312
25630
722735
244502
223069
38381
839439
968797
173729
610392
-12034
431422
310588
354807
61203
170295
-93952
704873
-68168
593690
76731
732774
257945
277482
367118
949689
456061
844855
202440
111148
209513
553986
825667
614238
-95508
515268
-68525
461030
466976
179475
873511
576025
-8705
23285
683092
330414
961028
90786
474622
734943
645900
766831
645294
994265
176496
264201
365553
974452
972170
75369
504334
37236
727195
414362
204777
936636
321431
679186
222478
463636
773326
-19592
-5427
323390
738071
444101
618079
867982
658121
77457
470293
494158
107852
498757
-5589
-57276
73782
-89932
887031
358562
10847
968719
35937
465580
320579
966237
375394
843348
196909
539158
188608
459456
601124
468954
773459
608537
647844
978711
486573
447253
833168
-69399
397853
982576
405373
883883
882860
-24440
324692
517857
318104
426197
554413
-2379
807590
875125
610067
960391
931977
414861
358464
421370
39990
159683
296348
961638
972148
824030
892256
494315
920249
401012
154156
151310
619199
193286
945057
499105
886347
957271
277444
233486
261601
973358
405039
576818
780933
859318
-96955
103733
238170
376250
788884
735060
457234
79679
578369
990674
308504
424505
436368
87599
70627
324573
263739
336511
860278
213124
584806
785126
716144
961824
486138
867674
550407
685778
676477
615666
898719
-76391
185368
906354
705289
627994
524809
423330
190654
725231
663664
106556
760546
-90345
557746
541660
689754
755297
184911
4882
111292
343854
762009
-62283
-82436
618333
607516
508006
927273
561654
270014
390941
-56543
122609
919328
821962
278578
145947
272985
315043
654272
408927
942838
571875
224210
613594
432953
504829
358478
415716
492627
639751
-48713
460580
787959
167009
486513
449600
471678
555702
65012
105398
48945
977913
566819
910753
72994
182583
-27085
892849
205548
6063
411562
890771
947129
-62809
262618
939160
315095
451700
-67860
680268
-79053
340282
56940
140328
668757
93444
446285
-37800
881274
935666
368156
196452
874728
58315
586542
852818
331164
368223
32107
827067
706978
621008
799663
398679
784513
276154
959726
744121
358824
291686
584610
780281
353564
16928
722539
105224
512046
-22208
827388
23885
514930
849992
456628
833927
934164
462794
717312
230481
694963
970058
352652
874885
733122
748110
170519
-81366
-28668
18642
252506
55296
443155
472125
316221
703147
422945
793148
66677
26550
325043
188458
308288
348573
582361
812299
513484
776897
412851
405495
21672
483079
110519
825647
636298
-72940
309813
-18315
194447
250399
770360
973943
860129
575747
387563
311029
-32163
-74209
993866
539569
811822
892259
655458
591965
77731
971342
-60129
86693
403796
905443
864473
626294
328745
843121
494874
724292
-23516
995208
83867
238975
887698
706627
763812
618868
515124
988717
-10190
70892
286637
-52090
273266
454196
841724
557904
614938
237192
605411
603075
440747
984268
769708
912501
153207
525578
