11140
970579
267027
921836
422712
857920
448396
750757
344997
-16403
929164
330136
534761
546456
79877
526042
243640
948187
612544
355907
783374
237050
550198
559722
76779
811661
441603
32181
437139
62266
995369
693753
587521
7388
302007
44701
864922
659123
-50585
80592
481229
727944
225436
917805
903091
-1843
915140
96367
499304
265629
869911
-49456
-88469
453769
83251
20201
428286
262502
696190
220786
859305
-98200
289582
793096
856296
932305
885132
245405
813104
508183
374341
817233
504324
96278
4298
375703
254490
818151
936166
987530
820734
620410
380251
417954
232009
909480
646720
627667
58147
374441
410567
443501
775633
-10633
233105
130233
732933
814812
-18236
78826
132809
834962
114716
93022
785393
-93569
775372
444512
944665
707940
793500
729410
275222
436796
732199
191089
706828
-23825
395143
981264
330713
428070
67077
20945
669329
511071
730099
502611
263905
454738
682886
330796
371293
298910
713172
459292
72305
799823
724452
13263
218449
659572
462617
677630
487967
823598
847361
488219
75772
880881
759171
767907
358100
120732
329623
132540
527861
900190
911216
561166
-44277
382374
5203
810935
457993
694646
200260
648459
743761
894003
208125
877176
-51281
963725
736286
294991
412757
486205
598182
241986
-83804
367043
651179
380321
128943
582494
619837
-1160
850895
219092
695473
820682
763102
470746
-48789
898571
109910
944830
-26736
167844
724254
739730
197127
737998
923165
991403
632117
613928
499956
354641
149170
280985
190570
638305
734484
370234
-75812
212790
-34114
845534
172247
405616
289855
572846
774398
282823
882454
95032
344177
514425
234096
531532
653886
163963
412974
719489
590789
850070
155334
405072
117601
757637
717485
321064
824337
174674
284087
657278
248052
359077
-66822
52407
201124
129315
169397
675365
303252
675314
129304
868182
107863
856464
-96481
524127
-2582
399401
354579
317845
758798
-47412
688887
293063
506437
203507
456546
502216
876195
299516
789462
421021
118940
899872
872354
611339
743895
426212
447048
854955
484269
659814
491098
107568
141197
30812
-28117
597686
-70970
689929
-9671
295910
994800
580159
757530
652746
921385
704933
112504
952886
468504
640671
968347
47756
791005
-45589
864370
755734
781049
416770
122627
-12189
366491
782728
562136
836034
569167
409106
969144
-44218
975542
135459
620251
463088
584824
739718
915672
335586
66663
147026
-77147
685562
160343
179525
130633
249155
557670
133359
880058
756305
419631
25049
220162
119451
818825
174345
258876
173065
-90025
153604
410697
431221
398006
94723
846603
453578
973046
642959
508589
139480
2272
810640
452616
776021
212065
-123
962131
798548
868078
715597
993018
974045
853110
375602
296935
74101
455455
858380
634647
235567
153865
196222
830664
809310
442287
874133
659404
791171
18125
-65905
108321
418216
629104
901739
989926
145779
48704
170996
-10791
-3098
599053
607412
252728
782486
188829
418443
656441
132316
533965
986185
142247
734047
384334
91736
788645
820980
381439
134033
286510
326831
594602
111475
922297
386364
60088
213698
518783
-36226
758297
123590
901154
182571
-65224
276186
920652
-83547
313461
702170
657780
850
912037
-12867
838640
580671
-13113
599870
888154
118436
403550
141657
821922
680861
128341
953390
544524
916889
593882
884307
403370
-92306
789595
999798
144118
191215
359356
161736
146679
767079
45663
763091
935497
279191
808735
396979
825878
575510
728178
463155
178413
459396
767383
499934
555276
990710
968431
965276
811086
434847
572585
729917
362895
330195
691974
750623
465971
862265
644836
-37033
-18031
694505
725450
896637
437232
265866
574375
625109
808459
156703
406191
588967
127502
731672
652381
161655
175281
747836
337637
207047
665936
138721
299190
926998
107882
652705
-56414
943895
135093
308063
580301
145828
90860
286847
216771
481414
133970
783160
444547
432996
116718
7190
647368
128981
6970
22110
174871
130122
33205
673877
644124
506744
985201
991701
998219
794194
642144
228184
978032
301549
729978
620853
541262
729576
878398
988567
567141
265398
928839
739402
178955
-18712
282992
480060
875452
-34583
40934
718419
-80700
678183
481085
15212
-25954
469511
-18440
797411
613455
322805
863060
893526
162024
200360
423005
61197
809794
871899
751490
580450
234436
173488
120042
631946
889686
227375
272253
929791
-34070
118174
896134
702078
905138
784075
-65350
688411
727208
240753
857341
383940
797633
774696
479831
261432
-4975
140332
539868
898794
982431
448070
392665
564751
7813
691585
487240
858814
435942
537973
551031
582926
443366
905526
614719
883898
922336
841627
705339
861961
91466
602486
683128
650310
461760
824416
929630
134459
-56774
376759
729688
822409
714486
718654
390265
16688
532942
306780
202692
554413
860542
-11908
217138
804745
313311
461139
107994
952924
993374
539690
-95587
45481
454179
693829
-52622
463655
688695
517072
345990
827323
333081
113690
921582
628569
911061
11154
827662
190388
382258
833255
462636
222297
879878
573461
601894
916646
961302
561025
774092
470443
962759
193435
989885
-6677
190792
806306
554390
982170
713122
957162
550813
543148
-84075
177187
-25094
359764
814844
370580
465882
728987
694792
453252
676745
-29974
251646
263311
235637
215601
773469
153343
73818
401600
235334
934407
152841
954266
928088
944412
-92851
533406
103197
327342
76270
-20287
-39709
249275
287818
534550
-51502
516753
349483
545334
267156
399819
736795
353800
621452
922015
988093
880123
616403
530567
919976
535335
629878
926289
516107
916456
-42503
659173
885200
663964
72132
188580
922576
742614
310739
984847
297698
612826
501844
-92233
173150
80722
655005
-6307
599707
726199
220383
238325
-68751
645893
789098
920344
251323
571060
569352
67623
462228
814770
651613
573120
409731
352348
609288
544688
463859
673641
688212
390999
94779
654176
-76540
337476
285823
884563
421984
-38527
-14232
667292
361234
204048
908040
967131
600886
806352
532034
993604
820772
350006
-58769
993318
212612
861229
-23000
135653
68892
30865
89346
-83291
508739
465509
224180
798250
634769
133287
376575
431717
405153
543075
520088
416712
168096
526356
622307
903573
725137
102175
788995
335813
561333
327489
100267
316207
767849
292552
983431
506316
169184
269325
221509
112313
483154
728849
658333
445287
752949
711262
825209
110046
950369
771332
543445
37369
516542
786349
81397
329437
725829
486815
413374
348074
955764
735408
902431
-48216
249946
79621
-9487
884948
-62168
-1324
-86576
528891
28826
87349
516160
82057
-49170
162888
372946
345463
541397
619996
192735
439829
206911
652722
-57159
-59111
749781
770219
316836
105830
954734
798879
818689
852931
236275
606056
152054
487667
53762
848192
134700
847645
322925
467424
190578
-70604
404984
929532
292792
86519
871421
952969
157381
231693
558429
261467
520993
768084
61117
-66181
325878
726470
319548
347789
457187
203362
762201
886651
840523
463425
-55797
482069
750845
58428
910645
872237
966297
322641
521702
793945
566366
456978
639367
97675
617982
355216
983977
176789
887383
129271
418653
225486
286910
115567
278244
686116
55894
427111
185707
219422
966835
783032
161387
-66811
400114
442084
183034
685499
886575
901713
725160
390461
-32870
159460
340381
933728
492124
318515
916270
216284
894099
876864
-95279
8655
11073
606278
752972
-93986
540617
611084
457628
940094
902843
286361
479504
915791
745355
590944
168907
880474
659006
517113
-62410
915738
317537
201288
216506
803485
321126
87966
181112
257419
102688
887264
331485
99907
432387
299910
370251
876148
48990
195516
619413
-68957
326114
954548
339538
20397
270400
329303
-43254
626696
287028
907485
56455
596170
799620
277930
162571
801276
363191
170508
369201
-50434
862862
716009
687964
-95394
653983
908845
428848
-37503
583342
826961
-74881
62132
84855
822731
859309
707836
-92740
989334
313719
248384
944398
968561
321270
973926
721756
642955
7726
402044
350444
724933
263478
829180
520918
992202
594888
509481
749166
189710
33342
261145
882371
954900
753909
411045
674050
810082
968625
-18787
-25312
841823
56544
183532
991046
550761
800707
328555
437827
12923
895267
494899
252052
515998
-89540
810272
62999
160955
696917
-93269
807258
721462
973542
602153
66948
84962
621796
892499
643411
906469
297390
659695
452584
530614
390496
355052
241941
589584
932533
475496
959869
257682
387071
732401
157467
124737
383397
356377
964390
770103
208225
328032
544528
617009
430265
82796
-6789
655406
90127
663132
574903
526126
162665
990218
715570
94500
237693
216919
634620
163317
611926
242752
300185
-58018
443605
206004
687916
133637
987783
139143
106701
471446
939788
394942
754396
-49573
30263
868099
961354
178411
766304
17093
702917
919570
277065
35003
418351
382914
219414
81015
21632
413609
104634
158853
641003
187744
371235
3316
796098
202153
155873
390422
120698
919549
232274
695848
588386
87212
273186
180246
289637
757605
683258
631272
365362
269000
557992
-58308
433430
255874
44303
748703
90211
-26264
99922
981321
788433
420998
357143
-20171
143189
709730
354792
370039
992511
891288
174949
908235
855754
244554
21465
737402
202994
760173
-52184
327092
67493
24635
189450
137119
255783
331229
827161
263689
-56686
441735
711759
207789
-50183
549319
832235
621818
415803
248730
893600
980164
572147
-75938
904292
456047
322837
297211
527102
703217
154457
271906
56651
656357
62039
-21832
504730
199684
282067
-26724
838164
409159
514633
773732
-54240
6409
937184
673984
644315
499859
5257
771201
24434
294872
267803
807253
977867
630000
244835
220586
442472
793902
272252
292150
-92631
608346
664154
427477
50162
-54652
660909
174533
631857
812509
319218
363880
730402
34885
-86875
363889
173543
752563
-90131
657696
-22670
680608
554795
213198
626711
891987
624624
959391
287406
737838
683305
698544
479619
690537
986334
134709
-79781
950052
41595
955944
623743
240007
7261
427117
98666
493379
143072
731476
433088
727876
965279
623059
447092
745005
123180
763168
-71937
687329
-32561
726874
298207
609402
78414
86832
769820
502174
966460
44909
612677
845195
311418
898682
947529
800657
480357
717397
848919
589808
309963
351197
571535
751746
920808
211155
982805
447693
35970
959197
6548
132699
114372
-87377
971018
715743
851914
59809
553943
466371
575226
469164
504904
324633
41541
-31349
363272
833995
-22847
-98789
192321
207250
507523
-60240
43468
19125
983443
170896
853758
911094
641091
690408
489872
756443
353044
174462
913806
989263
735443
806817
253080
706543
463799
136849
786602
149961
7721
784519
-98018
107185
582606
99555
596950
134223
920831
430295
892087
-5377
24366
465913
-33906
797115
392207
164837
98595
355206
988355
869242
170911
52212
-62804
430290
681035
-65291
-96870
246870
287350
524645
880935
456708
586491
384736
934083
746830
96224
244832
612245
157200
921621
57520
366618
839545
-9892
9834
490045
-39970
256367
121127
221184
540875
427428
761018
111250
259841
83863
546759
418016
782124
557583
53203
20498
207299
127950
573489
593672
676337
410001
282135
78505
755247
-75978
377983
501281
702061
774033
319886
165389
861628
330354
479542
642627
737743
961128
299790
751722
602941
986955
578615
783253
52988
-15204
322429
991474
696484
126187
19089
472786
-98877
261154
336140
195737
398073
198707
641560
300172
137879
172391
382199
264473
390396
611230
277294
685017
819609
765042
94565
878381
45183
822389
611387
864176
908643
547013
235046
186786
165698
660466
471497
400606
582691
941608
553731
630663
28573
518962
925035
571217
-55997
454656
352689
82699
996883
490719
426478
634492
347205
926410
589398
813785
821072
674491
345115
11299
3804
828307
-34944
663488
630800
25279
178569
805845
659417
882592
873595
711402
-15636
118262
622461
644607
259122
545394
-10350
934262
493278
757965
615963
39108
572132
886386
661763
461170
251319
645661
607391
578894
676564
736635
656809
896719
329874
42389
410902
699004
955791
406229
88153
37821
840752
796934
290036
-17096
233724
69260
479051
191608
942538
157336
638477
388629
198078
-67864
-12880
-1882
524086
876507
566024
365899
202943
536088
572059
478576
337788
706525
817322
670868
492338
444885
457505
453552
593369
713629
464623
342971
799227
830811
-27365
951658
710733
456365
666738
567561
641724
714147
41890
976212
643694
433071
525671
474232
597289
176164
-46798
70314
455344
531865
730344
435381
811405
960778
229526
114734
109108
797315
888444
363395
519348
-73180
206895
561060
575710
778990
999860
343943
-18588
37755
406361
610258
140872
691782
-81441
553009
712233
353943
958014
324485
71272
272930
961038
604679
401062
343521
825876
813787
-21394
611946
814497
-77293
565309
776311
873309
893338
721926
197483
208465
784285
937541
85683
427028
-20778
190515
514952
152922
-97311
988286
392701
177827
497119
-3072
501049
-76393
397449
810977
109995
933802
392790
802177
492817
434188
749445
116269
681417
113454
268206
919101
64388
339083
417274
750742
563597
186692
-35914
790181
-87826
110978
111102
887637
154843
221957
262722
175354
569584
633649
63787
169388
573457
-10860
67109
947057
226737
941681
947554
383714
737161
175354
884203
661167
731438
32698
827626
753656
406047
142712
989954
688817
760270
527292
-21503
288056
682802
424564
736636
295840
335037
341286
-65880
959194
972623
829030
-21664
403594
-60223
158633
753160
262146
111404
128643
564674
33291
537629
590876
606303
793906
378355
404189
797326
241584
274995
27358
260206
269870
-95358
304091
955462
695997
773508
348409
394703
-70241
439187
206723
965829
44104
790548
818417
229121
1731
52835
524968
677304
507203
286887
200081
367235
519830
35656
375372
314107
128959
-81750
229180
347502
156947
423838
589860
122174
985743
141878
385620
-78479
224751
364418
4466
136807
582343
685752
657695
316601
-42599
478927
647233
444654
391177
367532
704321
919170
72353
506579
10205
700746
239920
983012
11391
524792
711801
390166
192834
-9121
259937
324643
374795
520772
57877
998456
477351
654978
148876
275146
896743
306942
288407
7014
-15913
749511
63643
149188
559502
65890
365213
541266
771773
-8344
832495
93144
101415
225329
223992
317407
357410
339205
836771
387618
163369
832076
904721
-31445
72925
583162
20672
417430
388907
554964
44307
394708
78199
389942
614305
566345
-43056
800432
139163
255927
95899
521631
153467
797764
763387
164061
311729
809800
983196
191417
867994
352815
489834
194538
543180
352782
940420
170849
859803
86597
687206
11297
308796
581315
560802
117994
-16727
960433
552842
765614
305435
869755
894955
453159
747279
-22208
-27981
536020
998935
953461
473530
314057
44818
147807
963551
333625
245541
539906
322172
-17078
154666
398964
328996
846338
-99852
156093
674393
143752
471280
611836
267155
15962
-24495
256377
736818
618108
428815
845257
872584
863503
701332
795632
534702
885396
503322
926074
-53848
83724
819002
147184
-38867
359353
797496
373112
214574
77061
79835
939586
920291
418103
478433
297588
997915
456864
818106
643938
927756
335441
229911
88988
989653
99467
527092
340687
865333
131543
895255
320388
537330
661168
774564
698970
879915
-46612
678893
652732
586275
152390
452745
275400
577878
188604
973403
675640
982956
139832
818433
976406
568551
800314
196342
992418
674441
317194
514224
23933
310092
608425
860712
275454
44934
-63210
103686
752483
882713
829511
266883
242642
130168
987660
395762
749919
639476
404494
717727
22386
206716
603182
428624
435753
485665
646969
220724
612008
420610
-35153
297426
150855
63656
41222
410945
861621
875321
343445
550756
793490
838240
325484
612125
655325
174643
980069
459169
552890
974327
40735
886321
149431
-49785
-3671
948328
283651
946902
273434
500306
11089
978264
854947
638740
472466
841017
46825
904644
940229
186651
190576
516003
459841
86926
492809
990662
70904
362577
371898
452910
354555
187567
349902
915252
624291
992789
749207
825461
446398
633740
389111
977870
572710
953813
774875
467654
883082
673090
406988
157778
-92433
300248
837627
350528
641074
815993
418243
-6493
84672
74823
892671
558292
715296
334267
131219
131296
739114
417511
771765
876590
666673
338685
960023
490887
329089
696340
642894
202610
541027
-6463
53640
134941
635946
835345
186846
13427
414247
538162
408607
718518
665674
883630
522504
663348
129108
866351
617156
-76430
724483
316075
212296
769035
421838
373646
750300
175781
817912
96998
871683
514782
-74869
836202
991007
52778
965355
162846
508776
-60303
-67127
301551
702067
948052
832207
345195
67517
274849
86234
642066
892750
-87772
745572
279633
741441
521889
776605
554649
261154
845195
505121
-31251
399215
424876
-3975
170151
835865
194720
901207
165128
86305
674775
380295
342388
479348
199212
997964
969757
596271
709691
936035
536090
-57926
102507
328333
731716
33865
502259
324210
452872
640803
275547
485904
618924
591529
562908
862060
300873
-66640
643689
24683
51243
401235
144381
394445
717179
649694
210763
74728
291774
32712
680220
-81619
617013
604563
954892
676881
565285
840995
-28740
14081
65639
951056
818468
597292
779055
522164
577189
-24051
184956
92912
490484
596106
209878
255207
700088
-41853
-63125
350462
687282
513770
890841
933669
739857
720998
-79796
276459
855860
764980
435519
427899
373559
696233
572639
193291
434479
775806
780391
296761
136990
908641
241732
377727
933897
841433
209057
542418
743566
6152
470480
347351
678596
281346
534573
757509
424706
358207
804295
30504
445851
911678
293663
683595
356318
784184
770015
401902
-63331
993408
588700
430244
80402
-2926
395723
60596
772206
509965
898085
980492
734112
206217
207057
-36986
457377
-39481
264552
781483
596394
153566
867925
165393
625985
46214
415404
640360
546687
299248
728194
250496
266485
841580
-95489
994152
784600
821638
770434
5589
468128
993954
464550
157799
825620
494470
165461
379061
287076
687749
801566
318137
921543
223201
107338
-14746
353193
468582
34574
111397
-86654
-3684
132349
123382
412500
393751
700096
343507
105000
355957
198291
834820
-82690
439109
805489
276354
259835
307520
893083
603586
364688
331447
307574
745381
188987
50467
524316
156301
930558
229703
979049
309286
933337
220519
646125
846895
256860
99412
627755
618948
105268
528428
54748
824531
543685
277264
674659
888780
377839
997266
951460
218096
690293
166411
67797
841282
513558
-4857
828984
504806
222609
693323
41523
571426
-12457
504527
992735
240121
834303
832997
738839
173313
-22712
209008
162106
28764
254915
-12425
174011
729472
839696
629479
281707
602472
589300
623244
79162
27489
15203
130403
384009
-92023
187577
436499
213024
664255
35959
965432
854469
500248
-26753
262427
66843
-618
238023
418763
889505
130890
846938
741454
782911
855362
307570
219790
479232
216598
520345
557120
-3375
110182
464576
804935
743641
492487
439078
-15500
-65833
797179
979117
-13047
676137
695252
670519
713515
-40519
-69496
270380
254621
855717
667289
876088
34776
110553
59338
585938
886650
934162
15662
946747
262736
894575
121446
458477
981612
173023
-98077
338995
280902
809715
-92091
84421
551340
439509
766339
528047
225139
54759
614402
81013
53348
252875
536918
970128
193975
445231
577584
711814
284208
743739
878296
734052
151256
10675
-45450
-73652
76949
973367
652624
248570
779638
849081
905873
336858
835090
266098
881144
434373
-23969
20363
145965
348201
964238
332222
152272
172976
124692
500588
585089
858855
712143
249247
125425
853942
779724
753673
700552
-35548
73268
-18557
-82313
304788
596718
278756
408454
280398
514214
-52386
405927
344932
911209
296629
910262
483704
-85453
891802
386699
707217
-80033
128936
361914
541827
294068
712719
222888
457969
996789
737629
89745
552944
213837
602053
635095
625569
973718
516684
303018
126139
265603
227014
765054
447302
303977
731147
549526
500062
-38271
214302
863469
245483
-87043
306679
243913
163147
594928
148858
674881
311289
793756
370431
541319
28598
-86255
241911
485617
231550
272726
54218
775250
910318
946630
974248
323492
969193
-28824
124334
941763
422224
128440
965799
154634
503760
717258
-29907
745363
724474
313538
670559
950906
271166
739489
-89939
170728
599679
155225
196497
771866
963853
221797
253916
557429
461335
843857
956928
25018
6816
310203
93863
265354
978443
579817
86900
-78986
-35108
768300
109300
439990
7743
627126
20826
166219
-79335
339589
404385
583961
418009
24847
686900
13118
201560
416602
16648
904994
828697
384699
124
225081
545876
595206
406518
890679
942592
393900
115776
208168
666737
914161
615683
231878
301829
279892
226566
230837
894735
691726
794368
388524
816088
686676
729800
-47970
444749
958116
99200
871319
673614
557014
871547
206026
334119
809159
401496
359343
-43593
883437
487136
46641
393677
523271
865974
953698
238752
149429
96654
113078
955657
-15610
813658
388642
725221
818898
844765
113460
428953
783778
646615
-35849
962646
828027
722268
44227
840226
62022
889484
-81892
38516
946427
507121
-75560
580406
371797
931509
868155
430058
71582
165219
159280
140502
528810
706035
313993
317075
884619
-74155
306843
897435
696070
571328
18245
373518
634237
-3475
511912
508252
281190
508235
515190
913284
175207
782442
298357
808476
748671
705365
13290
815338
716307
210790
264483
222056
133376
651703
-76068
377475
794158
679689
73139
415773
-71151
-52021
207184
898120
512222
586931
127085
651990
763267
264273
428435
497743
-51383
14964
162889
48709
527671
826875
416137
417660
-73155
63227
716753
826357
592599
76628
493136
342498
-29832
129575
156692
663437
268489
738791
832604
-4173
515145
561836
839034
924564
649736
895299
16046
114474
444888
126679
533214
598760
988704
287387
459135
95783
768390
669935
988860
806220
524558
4896
248931
630758
571344
916400
196998
745708
408663
144267
564687
6577
-8282
108342
-14455
750205
588190
508722
491974
398341
647356
914142
984140
48190
285261
649874
870615
400229
-95073
802405
542377
470029
833621
756654
386576
397511
936474
498650
550336
112547
578822
677449
355025
179626
574350
-61806
3009
224167
-79861
128780
64849
908261
674211
885143
325095
590125
984105
176258
265419
751318
586863
445212
131926
-91079
85018
985585
640191
67618
911537
529872
366081
435196
925266
827122
716482
505033
6163
283674
823461
708104
817495
875381
-43584
105517
165403
18998
628843
801161
325955
238465
715925
502296
288921
945396
414191
184779
176485
730479
-1488
279651
268814
726435
760982
-69705
733052
549284
659713
142229
287092
604249
506237
-23083
785481
631449
-15139
821325
257363
529734
687660
243712
609529
164778
-9247
10772
470857
404683
670567
172483
672658
-14216
918893
956725
814769
134139
646676
48277
-76488
948243
496466
856772
-2016
-48093
633888
504233
987063
381686
865850
80764
150298
637386
829561
565008
-61141
909083
797715
64734
934990
101782
353246
950493
-40572
815683
83185
478114
117566
540040
932985
428812
564576
260668
951903
-96828
851402
396823
303941
503207
857627
936655
855559
949062
343300
968443
-95227
285257
68696
749585
630964
731298
345769
913454
262751
-42443
921494
755081
363221
356477
374367
788404
413356
926898
456318
782362
735597
73885
199601
692137
429436
750988
311281
706454
881728
-98409
-47148
401943
62516
736753
108129
-94952
23362
134424
369264
-7394
550671
942747
783245
155621
451637
388857
263188
384690
400197
562640
39929
-79078
878956
831731
686201
728493
419175
379772
164918
891478
444604
175703
368035
920420
743455
516433
321382
400413
957420
692536
246444
422340
714737
885940
660733
285295
699864
863711
137002
641181
575126
973649
757057
539764
931502
133799
505390
851195
507735
148446
346167
174495
528423
43055
441719
735325
-98776
402562
7793
386249
378178
577927
119040
390943
635877
714975
3644
743366
186749
84413
162178
-28999
-35966
872927
350407
812283
644119
-25381
717974
641097
576502
570832
484623
142153
893867
121404
195826
854053
445848
223511
-5305
68730
708328
356357
-67034
530437
-58481
204532
293837
793669
229787
757856
514707
338556
-41877
112273
545148
112019
297247
161183
348466
898316
265640
790524
-99386
679817
185054
225246
-56985
105690
461749
378457
256285
479246
685584
924224
862475
558488
863664
873287
756906
148621
128570
572318
754850
141796
184338
539756
63308
890711
390767
658411
927402
696754
-69100
839025
78454
160761
989443
779627
386679
788251
512102
771123
370608
758348
716716
14165
572864
294685
522814
13711
261141
816286
478227
844146
970078
759598
256456
956923
544228
17779
229388
54032
922236
667354
854885
-45034
385893
76357
-90456
993268
-7793
318014
-44185
354447
889534
983337
24722
299304
909557
280678
263400
997495
-64258
997981
348058
6370
-3580
212487
124914
531114
705263
-62752
484417
684490
482564
539478
887079
568735
-54707
563895
987322
315967
119340
541464
266032
239988
515855
526433
542570
485247
708243
240558
402425
735932
393580
906283
231568
965604
494808
419401
192213
101977
131270
9096
551492
441052
647792
38423
433397
276220
27917
812292
204370
946590
972845
209007
207623
197618
190255
877462
407398
230023
658403
120780
80170
990193
657675
881163
-65196
868038
457930
343372
355428
443879
989020
211100
702596
478100
120479
-26394
299559
658471
167583
144660
-16911
90188
753351
724645
852134
972660
768758
192488
268326
752601
647493
747462
569272
-99747
101855
306174
94317
71020
568427
974594
28999
31403
-29630
236211
800645
76770
913612
256332
561552
207401
383372
369728
624487
723165
942861
484991
938208
257848
802619
789850
531397
455087
123449
36282
17268
654908
85728
-39204
876320
227990
935537
45958
770075
151551
588538
-66112
333569
-90756
612577
417117
-96704
3538
415119
602937
395964
399451
679942
550733
294425
393568
117702
835668
609375
759672
179646
259826
-49752
36940
7838
505452
99481
220984
-91050
216205
176535
382810
291599
495905
417502
736922
966646
393592
396248
418065
287800
502042
524167
818741
545882
617095
595708
935463
36804
19382
193817
626246
982434
27789
190366
8123
355626
690022
356309
-75567
515118
358932
869039
614933
511999
761392
403353
103514
227383
877565
628021
215311
107789
412920
6776
-26323
-11414
295767
151849
-92894
308521
792923
-10500
404098
534930
58109
279661
44840
880512
123838
691525
199447
281545
296122
564685
845255
124714
388757
697628
450410
359456
255220
589459
675497
716539
24224
543118
216559
467348
664122
484881
641734
97145
439348
110155
656275
518126
482635
-39094
196259
781216
314240
596751
930302
941261
810515
186610
531245
206545
724370
490997
162806
566277
979993
311270
456953
469121
438127
6940
853496
940840
329638
809984
826551
38531
931160
199641
285892
892616
124948
950843
243302
501945
-81109
139619
318006
903061
771174
269968
140442
421699
-36656
346313
124467
620696
995824
773518
-60540
520763
782862
848275
469453
594088
215149
998980
-26747
248008
492898
787025
572059
512255
198485
746978
-33621
313906
236324
-39980
-44875
314128
761593
147849
131405
325698
208671
-44690
527754
234265
775128
324636
354028
13350
53457
-99743
976303
772161
665360
680437
116030
5671
319676
35109
504079
445415
597534
781521
342179
453393
945757
155041
577311
82530
438108
862599
497813
597969
868251
424472
381496
-47780
262166
406718
946265
293077
-28164
125562
729766
533227
623038
130441
709365
617487
708291
-53298
-12825
998567
5330
5372
642897
697039
934127
677782
658807
880605
731609
836923
578468
867987
284515
681573
702517
341702
967565
867281
901420
743282
17920
344529
824211
-87828
249429
226096
761932
672819
999892
105506
515385
520406
982866
159987
868759
415072
-84644
819673
839762
673170
954079
299407
790655
202346
941278
603788
181649
763815
672268
289399
695524
276588
416862
129319
603004
521644
203162
753067
-90828
707302
330099
473954
217632
139003
634462
878310
133749
719343
497008
565242
304527
-32509
810843
306276
987393
921102
682360
81213
932400
515838
259973
143830
-43781
907182
173470
749785
610152
722797
500975
549159
128090
664534
681896
901568
44468
698622
288441
86944
-26008
670962
4810
606721
894381
839411
-66230
166050
437479
320440
60078
948184
762936
637504
193833
433527
678462
-40093
850451
422914
680249
380246
360277
74238
734062
155904
-1590
140729
585151
447934
726236
143441
202504
327852
652789
267070
99239
473791
280707
632897
834825
223696
621321
636524
65160
134722
167757
-24232
976201
108555
-85009
711009
154766
911688
19171
231295
171997
839856
154339
899990
216933
97259
914112
901092
709229
266836
18931
614352
718213
481300
2611
694189
132353
704958
3981
294444
428941
179023
913615
503992
755684
712432
691671
256976
548509
628183
978456
873681
911682
-88625
403692
265892
191323
553224
692776
884140
861351
645306
438666
113051
558028
353273
524499
588405
681390
496431
76675
911710
821697
595449
39892
57280
450696
55420
581333
349774
114444
796657
370081
169474
80389
-77960
285405
695255
136639
172837
635555
452460
725366
349113
12
951662
605979
-66043
164768
651753
578548
352623
691558
266982
145360
870632
845700
78441
438009
500717
775215
283535
389718
583006
244636
951695
338017
123471
433323
761071
-67546
727425
373363
328311
133261
984157
639220
860108
69067
464503
495827
12366
-42899
36368
737627
844711
-2117
907542
800732
848108
601290
503910
851617
-34252
586505
131740
449226
2062
892348
760480
198153
660751
394078
680167
455074
980408
733808
659628
756911
466000
336459
43197
471566
671947
877183
156079
-84476
-9727
927426
254191
573403
775914
987386
700135
852541
341170
575684
-79224
-46940
243534
749689
818615
574377
440655
640536
986145
577947
937562
615315
316572
491922
507705
393413
857400
133931
600942
433820
14421
903214
-33480
15815
404704
42688
918129
414862
634572
176078
827295
159510
337108
134818
68517
535836
734849
-98305
688305
291905
322125
457824
415879
143120
667998
857940
304622
-51720
364
-37997
990541
882958
10910
300755
144472
591117
253376
385852
380130
388829
942545
541260
101401
196961
536385
765837
193142
867285
-32991
973459
217286
907006
104333
182159
336041
925954
635630
-42923
933665
492527
407324
23470
47408
861913
787935
725268
151348
62168
958440
411780
661474
843043
-63271
149124
793401
239125
26802
-29229
733778
760536
918506
-42523
794790
-4427
181759
169273
413366
229542
337065
729501
-86148
128446
480275
385524
203339
97511
282505
767154
73858
183835
995955
680670
85791
151876
511697
583484
82890
-93643
420445
252714
720914
538153
20254
716582
142504
401945
709291
306540
847846
981293
550963
252203
463561
785654
129559
180206
158976
340846
256109
936546
202494
340573
568166
782148
893556
936790
362334
434471
835996
857937
363050
859685
400657
192964
663641
431115
636930
205794
574885
402749
177316
294770
452687
578174
18251
-56952
-15923
-14491
180295
-45713
440360
558327
657572
49627
719493
50826
573512
794880
280865
583402
241033
174877
357198
34079
728113
782891
43030
420694
895444
467599
238185
716958
95406
530327
160565
403451
827729
781633
704376
-27381
664848
795090
70814
289488
-6082
696851
137073
498713
287792
38644
964819
370645
24357
523777
103468
361282
932479
744562
872399
587561
-52572
-33997
18300
777058
-5361
213787
305925
785064
280309
-88491
289196
891192
326325
98050
900362
62380
216412
921908
599116
10662
503493
877430
935346
253940
469676
934854
136586
262398
585611
342730
5659
413111
216070
927928
788848
24718
468447
775098
775413
617408
168863
723411
356025
70
609886
630133
-77916
685622
54291
827961
175391
573145
482820
395342
459122
333183
162826
250072
636133
196324
791803
263640
288843
521324
-52686
83289
6540
863627
962993
406239
759900
50286
684872
228884
587500
660907
720374
960886
589205
574309
549759
308370
789933
23952
577523
645907
775438
395082
128715
-98496
772273
813958
199930
23413
663634
809942
273228
922014
429042
455092
917461
537488
792167
53844
67820
290888
845354
774550
184755
247428
436909
343033
730017
740333
390549
-8078
622725
-23810
699445
11811
134695
565955
712592
806560
549288
456622
-85722
80849
1646
696199
236933
-52001
116935
235305
886920
926752
903209
474859
759563
468578
213323
616029
464264
84574
299672
46239
917603
775273
585048
177477
401987
252273
127732
428163
472394
554878
440028
754163
9164
472849
57180
311077
733786
963823
30900
301314
582492
817524
824238
941966
506284
791351
-15071
763286
419144
357986
794060
290221
18302
52884
-80192
320069
-43417
855925
44685
543571
946157
187688
59099
229186
752129
66207
434387
741362
504228
910739
591433
-56467
716453
250862
572187
111183
-96232
696584
996879
75787
250248
24880
520045
446493
631678
831250
269384
221793
369854
70853
514525
816217
203514
109695
598241
520735
879712
686112
362969
146487
440712
405099
948211
344119
898847
218029
534560
559258
587797
684789
80953
467511
116785
742531
844442
484832
581414
263581
-84917
305902
136127
155983
808531
-28033
277456
926064
298176
-82067
686521
-42122
201711
948321
329394
396786
633686
4118
710203
-89583
349109
779651
697588
707932
224633
84510
269328
881143
775569
553494
325869
68978
613385
812772
814293
306450
132216
703881
93994
872231
617490
15589
420398
44092
221983
49800
120781
54205
775947
776024
98672
631511
434716
833592
252430
775077
631918
28962
276630
728368
-93987
299338
-23494
414035
327606
139777
580253
703438
150610
434674
144493
137820
209420
719441
132212
-29014
829724
-67218
861137
10691
921020
535490
369434
855475
3917
98925
407897
495888
403701
344490
292680
482342
873372
477067
870151
340508
856411
739278
-87150
760008
85978
581223
524265
-25205
-79109
470161
597795
380565
176257
800384
662194
367893
437952
797324
599683
44985
132755
434386
899233
250406
690254
-93797
838090
116480
501785
519985
617488
258551
747786
980181
141014
647444
798402
149863
322881
512955
447159
781299
494229
926763
438704
705990
331028
39269
338655
929906
841755
866494
-27012
565157
744383
311270
30272
977674
883977
865663
875156
466416
341624
537207
170380
347146
-53714
301596
-5253
-8667
759884
130652
964821
481516
21661
921083
181748
-46244
968382
772314
465751
453804
551725
907823
400968
605711
878099
657405
885643
145743
703601
829176
437530
543225
764306
466714
692920
471016
55677
546241
787304
814862
-42013
514092
833775
883224
-93749
-91292
107257
215671
567812
67441
89614
18612
849696
497303
756982
-27728
667735
298744
976253
685983
314812
478107
100068
529967
657154
-50933
643865
82366
952093
279037
122839
351137
220695
192465
-44397
289438
107974
100491
929398
71908
852815
553416
890306
104156
973875
301757
554553
-65960
829880
648462
940019
804189
452887
-30561
96028
656506
788106
886831
774834
77103
949027
620896
673289
317702
-59191
647594
715193
218340
386691
964930
533196
-71336
143220
581140
823183
44000
691913
318821
769195
909254
857792
372158
707203
-65372
65728
961879
676156
150962
381709
-34397
-28132
499901
336787
134918
173640
124132
198685
189301
301822
54548
342849
198097
-65067
414362
622148
681026
451710
817311
471398
7138
475874
837927
276325
630360
876993
985526
418916
12355
679672
199008
230389
612305
979036
826225
841842
763568
662927
896944
906717
500883
713899
856145
896199
717606
542145
-5663
336750
-68601
145105
982494
387750
778598
464015
68545
871722
231573
429257
669638
132565
222057
477369
-96424
157610
359186
96315
54126
367761
851702
563696
954521
64377
423408
342195
239884
749646
1969
459960
471652
257
32198
361123
254515
485719
60574
547999
720780
582362
-79299
740529
268521
69966
94999
769547
434331
257569
592853
-58104
618714
317357
685252
876546
-32946
659986
293611
915181
130210
690248
620505
955598
403712
245061
534533
172258
647378
979576
567551
124319
237613
899303
-47476
200341
311989
96744
135033
88992
51593
143747
242362
-52437
31404
227096
458468
864919
833591
702861
621219
693121
-39383
833203
313395
839124
849643
303347
692232
715769
223253
443932
156483
411434
350820
-89405
551727
248710
978576
-17628
257861
221016
659605
848162
-13524
344223
688407
313466
878082
589643
83871
42288
830891
235114
529789
-22866
208619
909305
484755
252528
212844
945928
-92622
315395
519197
231388
245330
-42396
178411
-98170
681139
616739
966729
856404
470444
740795
159774
571482
537570
760207
471298
583562
-55426
360459
838513
242230
840773
82551
196439
848819
36573
864478
221645
581267
868326
544918
606825
627063
998990
292062
720040
985817
66075
714155
850147
815702
570581
371049
164665
202487
510511
258466
949667
652720
24145
689404
438152
871337
758624
263158
253434
454814
345374
615406
148227
859963
542117
285882
310367
580351
569360
466509
88907
927111
349201
819710
205039
929190
-67730
780127
663677
490197
767653
774307
-94620
420297
737566
210645
791714
144252
-98636
895211
282794
762412
391957
208970
849653
469444
191166
-18424
82660
346399
436929
899432
712768
743312
733218
5573
929281
-62743
471875
510544
574619
990878
616519
150341
952157
497196
576671
32194
818173
399058
255450
243906
955302
-84518
759999
169513
848328
711525
465004
452802
445715
-63260
242692
-38971
365470
236837
356802
220490
143114
858157
150467
511113
-70029
-96000
701901
198933
313127
-85812
125179
934651
177753
499013
714294
786146
549380
-13177
782578
522774
361047
-22886
-3407
-87153
-67668
-86962
390358
146476
443969
-80995
29468
200544
630426
411914
106988
590186
977054
239734
300028
978034
158510
157362
110733
561436
-14386
700816
824911
308930
637407
-23245
112378
716352
-43026
167966
171033
729280
900266
90452
788045
45744
585580
174316
378490
320570
676106
199120
509612
856416
706291
659317
511595
818019
87646
11367
611508
629376
222483
778061
347684
442971
295216
863711
936168
8808
169495
816609
327708
924213
214657
4295
948520
677672
536968
-94953
694624
528402
717026
807925
368109
336373
86750
767250
184430
532831
928839
77529
862992
84057
323896
883947
606744
366587
310571
156685
144737
699557
-55257
827701
669027
377944
939921
514319
775974
740505
879892
469201
500301
44116
114132
500803
566559
-89206
879215
144495
-93290
534199
-54323
13297
14423
946976
38303
365073
384513
795626
583839
887865
438572
656722
-8066
332416
899036
528294
441724
349013
62093
719107
370658
969172
372134
69870
264867
658340
575386
239206
-47554
649128
166924
384594
-59603
250418
802759
770935
274920
42968
887599
923861
657043
-40870
634526
805070
-87076
190837
612866
624360
418459
563633
112698
-5086
-33185
114266
722981
956871
654350
771636
610143
683640
513934
681381
634589
296809
166817
-65760
354967
406002
865238
666271
839260
763196
116356
-35950
30890
439194
43005
530091
589773
-24345
56655
323919
983682
-29234
652378
502597
160170
561619
-34748
974838
-72269
863062
-97829
680684
408890
854189
386481
236291
414379
750533
383263
309312
34930
784945
323061
654855
553252
706062
923436
386066
853592
610461
409638
499970
810961
264854
880560
-32917
14397
300748
354702
747649
807533
163769
528420
245335
46081
833438
223450
76879
253597
583706
496657
46625
210800
-52609
372869
467012
303373
168054
145786
580580
138555
206655
851211
196799
-24518
562792
662065
648258
680031
38290
84355
539757
333049
390899
349576
28552
646853
546138
836010
941421
718868
256759
932386
598258
-4705
986919
80705
11514
512798
738840
142142
467550
892435
168706
226819
242814
67793
67208
817137
468407
169354
658520
-60599
123750
929640
310674
481629
763198
880818
139726
117352
749224
674406
465497
564384
830105
301584
344931
179839
38286
262042
728921
566324
86518
519011
958763
16961
668584
978571
851474
129783
617912
950901
769902
229503
161780
425701
714070
859650
236790
553711
35420
475609
708823
741448
837076
759499
684697
905199
349977
363691
98709
210161
995907
538773
508564
123615
656789
955619
874683
159120
294280
772957
-87963
456320
969892
500940
157014
162892
416294
488924
582909
628508
953633
768414
1436
962539
505440
374322
185803
437706
807967
752919
804881
205530
417060
399916
-31687
575865
760790
102916
138323
398166
37850
622502
763341
216124
51162
891088
261095
967569
270008
636400
975477
838501
160380
-70066
298985
561596
181439
429405
-53563
183076
984378
865628
678281
12786
658589
918094
413455
954293
966155
74098
13624
902267
867670
138008
-49900
680962
418836
966091
528614
286513
355079
964144
594691
-83622
234769
159443
223974
-89300
730234
767461
114691
168273
-49696
276607
931229
617639
721198
951507
509354
696215
985787
-30669
777842
946006
-19608
891077
475395
246882
-51327
734615
403635
394661
484278
443278
20884
203098
409600
925647
203337
293191
129338
270724
738391
699323
236433
324418
388358
245448
196684
687729
137752
-92562
469057
442988
421366
880286
-25789
-76483
895738
610122
489759
397164
-42767
843988
676733
465104
173892
-94522
993966
888816
399933
377133
155324
322725
318469
748197
859734
-17503
52823
970010
681305
787257
539986
269191
-58772
445727
394839
287198
883740
174129
304378
206803
892627
839454
894452
658004
-26806
829839
882999
500416
-57039
768773
585517
675197
301974
239069
898427
496556
699150
115523
398704
160145
138573
972247
-40177
760227
297213
789283
342689
535957
833626
490822
42340
79293
548491
905138
106879
-71415
639956
147464
141638
70505
724426
617395
357558
681342
968691
907366
178287
600787
270463
30675
131642
-63834
237608
585448
304558
949879
48699
437914
144010
628083
983732
-12591
4064
518394
-51429
568534
-27669
-1263
376380
124247
904341
476160
643015
264230
938819
-89011
59304
371176
71438
820485
360229
-4016
499232
650947
220422
252389
227923
351192
177342
278107
34661
286801
688090
911547
724309
482591
942947
469729
815030
652455
485995
831401
846564
39811
671889
678081
900583
229795
222815
654911
579866
607363
198448
113636
397496
888406
837662
457660
719539
788832
886838
124840
261547
393783
435766
301912
867458
125163
886202
576388
42
310539
394654
521466
493195
236521
829359
794671
434727
629794
191617
377867
602609
77937
890344
788452
136799
860752
693641
223414
784651
122863
165528
471220
513309
969816
103398
558709
252982
500601
406544
10402
922696
19259
131170
614514
992361
408141
3981
396678
139895
737701
33808
-69891
584613
903222
775568
739001
757531
729004
138823
360076
902554
551549
395030
22411
719156
399175
978574
724304
728708
640080
57997
137007
600302
195169
219803
772478
416414
669791
536224
69690
-94338
633075
90017
741032
407656
188597
964912
779443
746643
819277
881960
676761
544869
558861
332760
-87491
345405
777812
-71977
46976
834987
-31441
435178
833538
470118
751861
-45968
642554
561145
841786
931164
329761
542206
643822
792736
774896
479734
971392
846284
740664
6659
503620
367045
940896
937972
932541
702359
152411
235152
135151
812046
207533
584934
568409
39290
935170
-87302
177138
352374
857898
655746
234649
985394
968357
98635
754308
850331
586744
834148
182209
175673
89922
348948
960393
670459
166339
21130
277487
128396
-64173
858779
240753
68001
755340
972204
941944
460748
603001
550251
242737
966983
183812
959705
181582
571998
825424
980343
111214
-64491
308975
162608
-14609
192039
770926
200334
277742
-45317
412501
64958
984308
417129
495909
753398
866092
450551
844283
952273
576359
633491
995718
615435
638111
928240
647166
-84483
571977
-59621
228682
66276
218335
606923
784508
237676
352980
96122
844348
522300
865165
814341
358335
193875
697478
759930
-40084
952867
381969
755347
187413
968303
467243
891117
583016
602428
305719
845256
100869
7324
317846
905043
474146
813776
819998
371458
953219
648904
429657
878144
912227
619517
372351
241490
-62851
173408
917177
-23073
712730
649171
568792
49768
-45571
391964
707227
589431
565925
347520
651212
518403
736019
972898
298507
326302
300609
996194
-61229
868562
153720
841587
132646
159422
51533
323641
114702
633878
34470
809743
548771
247071
250729
180798
725955
471708
656561
337858
516353
875305
816693
741834
112983
341871
884297
767980
708832
539011
975230
300954
202956
53410
359496
134777
525493
899830
150703
231457
573776
122065
293858
28321
91944
220834
428653
747533
450578
875894
334010
627757
485750
269516
929888
372072
213494
271807
543965
905963
265970
248310
-54272
769812
830462
57215
427690
942589
763895
495106
871838
156176
461431
454324
718942
821399
494665
428932
514692
-8268
289231
574893
19229
67204
709961
648928
313364
153945
360715
937821
430024
756830
175842
73313
-72913
666717
676379
470711
742037
175841
692921
587773
933713
203490
35485
80263
737318
497873
147311
847959
816011
221171
374249
529774
618258
256331
862800
808678
310004
-15344
550669
497650
880664
643727
445229
622539
946020
325039
85982
571555
478686
238674
807575
555851
106018
129645
573377
-25975
44257
615408
565394
111018
281990
639103
524226
308240
584962
353146
361887
242963
535032
435155
132976
-35715
165051
729724
229236
944169
275412
148120
925491
198276
684963
19297
814266
932229
772110
444723
946785
773128
832937
868932
385791
967346
386003
414955
832116
642826
212763
692550
781223
454091
571092
120411
518643
371010
278742
477984
191206
18075
152923
511641
185082
-40969
-47167
335701
393110
23136
441562
-97869
698362
19443
621578
843671
874242
481250
761481
393286
903297
669140
191507
704960
569578
887012
122156
907661
106233
362019
594855
183614
109072
413745
402770
149888
489971
93308
828059
947891
786062
256070
-52796
723314
693003
51661
30951
551578
10179
276329
460794
761334
94752
229587
816207
320637
888776
340330
327963
729397
187801
7249
488335
725085
363
865269
101534
653204
687753
900054
712726
493374
826962
826485
519425
637514
881456
150555
261438
919786
832296
511365
661308
458448
31728
-45877
562576
749165
56398
283572
335044
569537
83413
390915
577646
480829
782671
311461
151070
-4396
195215
314889
232042
324612
755279
34882
411788
202952
276961
766034
552395
954704
612753
486494
686175
695336
335347
545288
721910
-19784
898960
978729
582517
913811
787544
219979
185780
185522
22318
17434
187902
755475
105291
37538
900275
549038
947334
533557
849125
584591
560087
163116
827669
208929
466073
967373
337302
572357
678836
121705
460356
10562
613682
875631
296197
7853
-44750
472131
242647
920262
752020
-66608
194128
983492
456272
434520
679695
767604
893495
490858
850256
570559
134309
745097
379503
90416
554701
944342
117519
-53176
533848
568989
441376
137798
832617
205997
165772
985105
696176
89043
673789
-88941
511761
503820
486679
740322
703044
590838
-23464
890783
605594
491618
939331
561164
302419
254001
181297
967228
72145
420683
123545
148925
173557
299807
428690
871079
39955
350946
946724
767626
402525
747628
52512
396810
306737
355892
788518
-42962
155305
616573
101725
840875
663889
798903
279073
31638
868618
262430
615692
300690
49675
717571
612900
556283
500170
310524
748726
788406
629477
640000
-1314
159225
-26540
261246
592796
132853
136408
599000
201571
729008
426201
603676
626834
72192
777158
4763
30112
49022
-97220
852146
-3372
407520
886360
524864
68123
488979
374885
843377
-5503
372481
-61111
770769
576085
390142
998066
693693
817957
846695
604070
397169
-48578
907624
77296
46128
848134
680735
923961
893848
619971
645612
626141
563294
-32627
602995
497241
222955
242848
290388
127778
-2760
590848
328531
217311
704103
549673
611732
682999
110135
633235
44929
496351
155773
696854
931184
318458
935740
-58602
18933
148190
881982
103865
30905
912838
837591
838144
990427
451511
-58845
853622
788220
107130
118108
496294
91321
434230
447287
580517
901566
870496
628667
525778
604215
805736
356884
46651
175985
921541
731251
-47330
263668
382774
499043
701963
-78412
70357
432011
195268
76196
550317
671011
978815
693771
627136
650589
513789
785237
270385
124583
550503
249155
1635
409050
34292
149758
353022
33136
88052
945211
550841
928222
81318
762549
227145
503580
226327
214131
889410
-70169
353998
932223
630367
255313
523286
471707
740010
-77444
809783
100455
346954
630777
953871
922504
192873
-17062
-71227
693158
951159
53821
319371
87778
980780
727916
277136
673653
710135
657975
225353
585873
990732
857152
694156
861938
836035
132839
173500
860657
102863
755213
-38811
-54310
39267
557790
443778
11374
962020
581449
240624
21175
847356
230960
410251
871510
991030
297893
234375
638541
61620
-56782
125901
-30634
786974
12358
426824
-4303
38495
538998
202946
793377
277885
-95179
303948
657888
588759
385918
707413
-55291
281680
454547
866294
179743
472237
117691
268939
520127
791931
838504
152775
809650
89993
311976
23672
164232
615330
997379
934262
277020
-72551
845371
503042
277068
221246
736179
602901
476148
284891
931872
-97426
702808
726981
840437
888951
-25905
163416
497006
314481
513933
751106
408559
528101
998464
188213
638599
255788
208754
501642
576143
759383
247894
890843
729295
904063
931505
653155
996783
-89765
481192
180537
568168
944881
451961
420429
309495
247625
594414
217342
584860
452151
700202
359893
806575
590589
353847
-19804
755622
-99519
83644
604427
210526
378170
104717
-81349
598391
996330
119885
299439
-14450
230367
24650
643035
708974
-96552
-90781
559203
750280
311166
535098
743144
686050
879812
754813
252326
248929
999380
267419
836333
392142
-18556
322106
933800
38335
55079
348005
763562
538708
22033
351322
147516
177813
467864
975970
420879
504165
580953
154933
137157
775836
665152
-50557
592961
501705
898531
534505
70654
444466
72836
268123
520876
-59689
251858
742387
967587
245610
711570
702971
233107
340215
334117
-81141
818554
250468
555224
852159
184895
271553
105881
627122
582283
566603
754356
-58946
361592
446362
962032
-58034
612671
951490
604818
367768
-46360
729546
651780
658549
512335
970020
956519
-90458
439765
130929
413314
144352
536887
735717
265631
978489
640908
-32903
403800
794513
104778
687978
365643
90233
913687
890632
557998
476315
412616
22640
665240
-616
579797
558015
92087
184847
449088
566861
545566
157415
833862
421881
552682
368824
815162
133319
100219
369667
-8445
-16979
467747
304488
698654
750575
438851
899053
942231
278408
33504
658606
329797
219943
218063
808235
820861
227584
874525
2106
523332
799392
699091
83085
833399
39769
507920
909102
716956
-13520
564639
776405
588632
517272
390460
805718
145749
36467
457718
882995
650457
864322
430215
592375
770866
903578
120346
346248
540910
648723
535596
543759
898204
-13137
710127
-82658
761423
718312
253611
-75796
593085
557841
878111
-39617
863003
934533
-37355
918204
760732
325112
59978
392058
867358
771039
643083
732319
617130
304185
358422
43821
453258
358015
428433
-86977
26855
422848
581913
973805
703079
936315
940916
996600
646830
557044
-84520
377623
133082
277685
62959
597103
599855
358866
468795
987042
347356
370972
29034
452401
921843
392134
507295
393529
-69607
81117
896454
728269
618914
296691
640100
335152
366885
34814
279719
636070
719295
22183
722816
-13087
946626
417212
493711
435562
918376
978638
419080
694023
248570
558044
350622
729395
111250
812306
303438
709650
-48198
271298
640387
718405
-39832
300620
649283
838337
163362
583191
-6271
455762
695468
498565
34257
32520
815296
224491
258973
100713
852335
565599
787593
594676
608462
437650
447518
316884
111677
912245
622416
963919
872891
148259
112606
600791
863378
47792
461369
236236
43769
192017
-91395
35338
252494
-44522
922944
115331
-51649
237224
736549
165202
960930
252219
962690
566495
-42188
732582
166075
486100
884732
-17055
597066
-96580
750509
767618
584102
33615
842634
169290
111890
224724
2994
436855
467782
734829
524328
618905
320857
148579
260621
969195
264817
492679
737649
-50000
580332
14723
371202
723670
-47012
671865
853318
995180
795222
-59498
514031
930386
181252
615761
205448
163158
730078
272351
-54502
848450
382074
-24971
950827
882258
984545
343367
300914
41839
169260
983620
568837
468674
289841
960028
137232
84376
947720
-69328
200679
722330
919551
223594
686060
990953
437056
319584
-30263
886977
396276
603240
483513
428228
727177
502280
236050
983352
761165
488114
732346
686652
-6145
51410
230302
-86044
851690
567731
634346
624989
-3552
20796
552001
629917
69810
-33632
172692
250890
721280
902318
807552
384912
934439
-26855
302175
235527
309529
311299
843290
376110
649711
764843
738315
546151
692659
625295
280290
606065
63060
808430
696748
532009
78745
566741
77976
283696
-67302
615437
219848
691286
-32821
463171
665057
1384
205803
644990
469855
365920
69265
34952
174099
993727
784703
823149
635586
290747
819226
48883
308737
85425
613919
427924
35142
819441
870356
-70184
645847
837458
85973
48732
-55644
601826
335565
382179
195435
103877
854588
727374
176978
178760
153812
826554
431929
953740
838461
206501
620764
606486
-51567
404289
535290
562505
846004
461392
135237
542748
751829
60628
886792
300920
943869
396413
555622
98359
182118
31111
212068
338280
965573
329523
706174
567281
991019
971023
973813
217535
313421
-21780
395436
205634
470724
220816
228861
800393
-63109
780208
126882
266834
733590
939960
225034
-23066
407030
417519
28119
900349
578202
135216
156838
233110
527518
350457
866868
593021
613119
144432
24954
-6231
896933
88369
902754
712533
524911
320003
446579
815465
280299
144466
123899
220509
184091
809682
687703
645594
148156
905032
378386
311483
350344
586219
354389
521360
125407
867132
354725
735219
630886
379865
892439
404688
491337
209896
805941
972054
209173
-76371
276530
-96104
269435
957415
931806
187931
-96000
675774
142298
698036
645925
740587
891217
668118
35112
111337
219768
267373
16814
18062
526981
261880
705086
604178
859918
-44361
471819
937307
363335
388988
585143
407459
45920
-7340
175999
330736
-64439
211930
656448
434599
996794
-54168
341190
830220
-52798
316017
-15888
871933
258375
-37971
808361
56780
708014
938852
-41876
847066
274321
808023
296744
533020
784346
874963
507314
770287
272811
552044
-38704
637964
663301
905241
322040
393167
99755
533662
29426
479921
948955
106784
167056
231448
64917
593608
504308
968061
99669
253426
595793
242627
729851
314448
-44505
953285
139428
904064
870186
172242
473469
401539
-54061
24855
-41848
169934
104950
121246
650814
808752
760610
556004
435048
275130
241652
528322
503545
577111
45955
159471
111803
709822
771109
-30392
743949
744391
926394
132431
97373
155975
555095
136397
112289
598156
337845
-71498
164048
766821
677035
898506
488600
939288
944243
723139
925563
416103
261925
596583
385798
120429
78684
536682
65523
482348
727254
205648
679087
522662
568006
-9103
149098
46491
187733
428189
882891
333302
933798
701303
781967
161415
604169
738999
827992
803436
89416
68250
158269
876685
302697
816079
257937
235074
451020
324409
274602
928613
373003
124433
479169
849827
513844
85179
219828
296919
401805
242528
335260
768416
189940
178211
-14566
379906
371088
531510
969500
919682
707022
430326
512184
-56539
2558
666435
292106
28879
395762
885443
432611
633295
288835
698232
356902
667974
785719
528678
892545
39841
922924
791879
247925
760203
499435
277120
745238
950173
655753
-63199
461076
556046
703399
182251
36121
352216
148833
374555
398418
815931
609202
275589
419469
581870
-29349
451226
265994
151795
584137
626304
846027
622565
-3551
279227
658054
343147
832270
459201
187827
878468
555399
561821
540278
923750
733218
-52292
924014
586280
993933
487162
908478
656817
907558
232397
509431
701705
960297
667657
520706
272796
274116
285980
407047
956036
373809
542115
58167
559546
272557
311158
-12598
707367
494788
400907
999922
438334
689925
851560
710827
-56346
797758
225559
776827
227939
896559
740474
993906
615416
836479
-399
392563
295210
655656
356294
593919
734701
930854
228523
623407
-98713
664157
22504
-46028
789524
892972
390559
737201
611267
637963
878798
475531
776043
333180
459396
996207
233712
760605
371699
503895
950004
632979
452742
-44538
979998
686488
441840
841734
999261
268975
473720
307706
879616
195976
442061
507188
550930
498768
789427
203195
525054
827608
913618
442609
272790
100223
226417
554485
631790
263810
251148
180024
910777
11044
630004
434499
31616
11949
-97925
183155
828012
957254
681221
183098
693054
902359
8159
767851
-84363
665548
511229
8430
843303
-38199
-94094
401654
57202
119542
603728
611929
-25925
914689
107755
283141
89924
498922
117931
455169
-38062
744734
139689
129842
870077
829977
536868
161550
557134
673716
218592
53394
103612
84310
952208
43528
267620
581456
335896
150011
299470
245700
754468
53649
273108
566689
417080
592587
243319
400781
130001
600613
353009
308447
144267
155017
397440
548308
673013
-57308
321362
892608
343673
217654
900811
980158
662231
898450
212015
318748
372271
526913
746018
327340
294838
712535
388527
756109
392593
456836
262156
361767
214278
707148
45377
350716
520663
14463
961579
245388
66643
411081
327515
246769
-71265
784896
918058
215393
150395
866923
104753
229543
767976
344850
509736
411002
117036
406510
458556
843507
945990
51108
-68533
546972
301792
994621
398423
986757
193167
846866
189059
530181
910076
617107
353943
469968
252970
677919
546433
90396
734678
153075
442630
6872
643762
826956
993312
-26045
41093
-96041
289825
557690
96278
464412
635465
194708
304979
613974
49741
18112
583440
165662
911375
777258
722685
234916
-90901
450563
543145
459760
357766
407869
-97328
957400
798260
989341
346767
671903
87990
129324
524680
343378
384662
154692
566237
-1253
878455
226498
260453
284991
108987
220045
805229
911746
101573
218497
240243
506856
176458
615082
506461
492918
994542
860387
689778
-57648
111850
907331
29849
864429
173666
552203
649313
122946
451263
-89071
660564
737185
511217
602920
910933
972874
398684
333170
733618
910593
136781
908962
650747
414297
555183
576807
131059
221323
-14599
755688
217437
227835
109029
805766
44132
582248
501072
118959
247513
210604
387187
460386
-66928
98177
274665
449650
203701
557927
281635
968304
914657
651085
595612
146148
107430
154627
465006
815271
504122
758999
40156
354852
980481
284332
716780
514484
602149
67417
134194
408283
893664
934598
75664
516950
777685
951893
271918
288335
187022
265648
762995
365314
-19057
172245
658438
620088
464552
-36838
596500
993638
961944
-61671
-11634
978819
554507
126233
802828
816164
709150
-89751
953825
664830
788019
215589
284884
703293
567188
156964
118477
291110
310636
269312
422540
91161
608164
983034
753972
305687
380270
269762
73639
354700
295689
354343
-61401
814268
730505
169352
407646
-78030
430446
532343
674790
410110
169114
445415
484951
-52549
81967
-18789
648884
960874
327031
307477
626563
947622
160664
79031
605809
315981
502755
931733
611665
941175
751864
306614
-23322
784069
371346
429461
405821
574097
915039
654980
921002
44910
421263
716770
394138
301722
675673
786741
248969
311002
16104
741873
43219
280586
686292
603260
803777
561351
333001
596579
464330
458753
532452
594134
593294
650732
855480
342437
392348
594556
722680
888165
274346
520050
107704
260864
416024
755320
510823
643338
369770
386936
102231
767844
-16993
786039
-93716
27294
122681
35660
971248
711127
-20835
786260
884204
995419
184003
604002
99429
-22981
-20161
-78923
791488
470056
908692
350943
379077
459975
916185
785831
362902
495485
219991
349598
801655
464206
805513
453675
-79364
632669
874070
470914
105843
666106
-44406
451489
801951
485417
881835
177196
783217
982007
985468
121304
412951
865018
218407
34630
321331
533518
630300
673550
-60238
639
249520
401660
69947
87774
201161
116143
831367
555276
750837
-23166
290910
349103
-6754
444486
445372
445756
839118
878212
284626
748660
564432
-63461
178826
215492
69959
229582
306935
208841
544760
397844
849752
-76831
795982
56649
724199
760191
355659
297453
837798
621185
437872
302510
172243
860834
191221
787866
135991
111729
932882
986454
993177
874502
-79020
-82659
973564
229690
382823
-88301
994461
854468
12714
190919
668548
431334
741110
345353
-90793
916366
621954
509994
71744
335923
866044
873436
978370
340300
949248
313820
306074
14543
86503
431140
767778
-89989
82396
378722
325038
83897
852890
162289
170672
933536
-53500
929000
317980
10819
241019
213564
619680
362167
535397
216985
121351
186677
325145
964656
443717
990449
229411
88439
65616
576925
407438
-55227
253955
352519
694822
563253
721522
255327
177409
229122
367116
624168
-15197
159123
881354
35590
575149
86756
466892
437237
239867
611640
953440
607768
743003
31924
43362
8022
638013
45189
394759
326513
308341
958079
496283
618197
890154
224222
282892
701857
281328
635920
449188
868162
238067
477398
878213
476067
958201
559056
140838
549272
206123
876516
300694
432625
478298
286357
842406
-94295
975205
734385
658672
57047
112853
850694
296969
95793
972942
16127
739211
-58360
523570
690283
648034
850197
696563
-50733
200997
738852
539105
520975
251385
915636
328966
240095
944706
777338
394128
57456
-72205
312707
113969
244681
353521
401287
189285
857535
665077
855403
184187
639327
448796
859861
376548
894137
399771
531572
429550
745190
693645
269794
104135
138158
720777
380385
944423
201719
-68770
311438
53341
633603
51662
911424
267772
948490
13398
258014
802368
49847
553861
36117
792366
949518
546255
880821
68598
669159
641457
499304
644702
141002
201218
478396
793518
-77724
501618
342602
625612
585753
-52791
426019
627488
309125
301561
693931
813867
168715
303856
601275
673585
432116
772645
168054
631618
348428
983012
885550
-63247
648885
769882
523851
824395
674703
470769
389824
913495
431677
477256
752259
744011
103514
930679
526597
161048
144804
331292
719349
-53801
52284
742914
283293
920407
314263
20531
-5331
270613
-77900
627033
342100
797794
918163
846775
455789
596986
885685
147639
470614
444824
27928
287689
-76752
375627
102508
355552
483371
570350
960881
385173
587334
681650
92831
684789
334767
420117
873854
765131
673200
32679
584763
480998
310963
413239
246120
917817
873954
626462
379987
485584
268172
601843
4407
743643
413507
587468
854834
549168
713897
789811
325801
832197
122042
165726
451126
227272
553682
444386
851241
672654
438357
509204
2727
555025
239233
332279
273452
616796
-5782
142233
751062
199974
998801
733265
539451
24824
164484
99409
976540
167033
603083
317653
582276
407576
341174
947860
44587
102581
192161
573983
616584
590187
766859
645154
371275
710737
453325
887971
910571
345810
28440
778895
331765
822701
594384
333407
76072
191611
391922
666308
616133
702215
-63705
136912
990809
534414
617785
444868
856241
978623
845788
849839
228045
214317
25537
373297
747058
-77302
348766
918921
448990
896730
777981
257329
426833
-80566
590440
489322
222142
461376
835918
486504
977606
-15055
962339
506591
989572
330734
485291
226322
808509
473496
59298
773256
792522
256019
324413
378036
55603
251345
547503
43559
426584
373626
659019
730181
960921
296467
680377
758609
294409
783296
282933
386399
78705
440940
-5729
104197
672249
-64745
-25652
465173
986764
2300
489535
202363
468393
664928
200912
790468
125083
689484
649263
299443
706645
247139
-91196
17048
440184
109386
226845
55246
365060
150869
777539
441248
781354
157196
681029
15715
968102
558556
996684
553463
472119
-89219
262338
505427
266494
981040
534222
665101
30808
384689
445501
432822
329024
29227
885076
348348
829761
-16245
442800
448644
6278
158799
659082
855375
288755
972795
911252
759992
731359
303707
780859
154578
172744
751241
810967
207895
758289
73216
-86148
-34116
590440
951406
-11063
824588
852681
860408
529866
519733
957604
-14300
384259
814023
889135
893238
415644
12282
-19387
994612
826019
974989
192833
797673
504546
192285
121909
452374
416899
529684
368532
84081
-78126
413475
780506
100828
486321
562894
625103
504234
53455
410377
389342
288708
368888
256929
450611
636655
583395
351403
502011
743991
555362
898263
428392
156444
-8819
-14793
442451
74335
561452
38966
885622
101596
229663
326621
633910
764525
705055
131237
783506
476789
435804
72129
819183
432921
-93051
787028
-59449
327587
729950
-75541
-39729
296086
996686
3053
402760
220044
368316
545703
871193
37399
65458
317159
210607
334520
687921
327106
971694
-42558
420662
-89834
707853
-406
520013
946027
538978
54595
208066
263359
316092
962137
225720
156401
896555
513444
-931
711190
807537
953189
357652
780988
427361
538231
-78852
844059
350054
997636
213418
-91180
732155
898404
192086
291035
790468
973929
849941
-33474
-32721
233571
36344
266204
901591
6072
563136
628983
760534
112806
425898
30863
205376
240360
873599
691591
19380
723806
872364
723810
677763
281926
550330
265054
875782
191190
10757
977987
241480
91289
221809
500212
658577
151803
935904
647426
568558
-26289
788866
288797
689786
95269
-2143
657399
-32632
639450
344019
604303
978246
768777
697653
285695
976562
230369
95038
892173
220424
30032
711334
730810
135708
130508
-74892
813267
538119
123025
679931
731868
190511
601394
-2538
244701
626345
588300
229018
961870
201747
891007
311063
439725
954068
556301
613392
484544
7160
980847
8303
727611
606723
380664
34275
567526
852939
224889
557907
52982
478964
270386
217525
987295
-17273
100333
266003
728164
53881
62744
197278
-80916
644899
405653
124774
577102
937110
488667
247567
544894
254088
252996
895328
462541
-9616
455290
910245
146100
34202
607810
532819
10761
-88260
609258
377384
104085
635925
509083
434266
328470
598683
-58013
960221
-40484
477601
374352
324696
354196
153671
701874
409195
601002
44946
796295
-53035
381228
114905
741685
146846
195409
389842
363552
620764
-69868
97170
-13923
400587
247802
761856
160685
725749
803635
835184
438250
16397
450506
174235
909637
985227
26775
791757
304717
250179
676217
228665
449277
343101
988460
719899
865075
619880
929374
702416
829360
405403
420350
555721
-88479
603718
894111
250363
84965
451432
480122
519624
625981
-68058
-88263
140750
211586
378740
-99975
826858
-54633
588995
27404
107202
777496
-70446
328766
439788
759740
503197
859926
63143
421814
549054
908110
49762
518646
385762
421788
82605
618282
631877
901087
864831
870808
576048
811705
463913
-64646
905926
485634
902442
645603
-90611
292781
614848
-73918
203063
188116
835292
407381
921715
512957
477535
-14911
554622
350582
-15480
70158
87673
540680
378588
472897
556837
-2552
12196
141336
275396
586945
-62093
676324
139615
4857
340807
619930
780543
724303
805767
853398
-60621
234539
469148
-98254
700569
-86001
641772
723169
-21168
512109
21103
768197
-55042
649255
748869
834566
939645
868311
318999
70746
498470
943896
192827
271279
-71044
108742
583138
-3433
781360
686109
798102
627542
14348
458633
487540
549996
759807
949905
935083
524971
629142
639101
58046
613390
423044
638130
559155
49772
466751
923073
765004
25116
602139
534648
181691
34478
291037
-68991
383799
712965
391656
510156
457120
279488
363765
586651
937750
431607
164820
483698
920316
486257
164886
492255
64388
-97569
869505
-46620
43635
74711
416393
389024
473565
751393
885936
784393
687918
603340
797791
511925
903089
576571
920347
-15378
663954
-63431
334926
519591
533200
796923
84598
839277
221226
861257
971730
638779
186373
463006
252525
626056
880390
-25215
822084
-76603
-12994
106344
129256
-8119
272166
33316
358962
81593
468493
-21804
204240
-71826
256571
-59089
759470
704202
509771
263547
-7825
-21622
99211
858288
7226
246524
173932
456200
25050
40121
654816
133412
-70407
254875
39297
350368
490285
989951
806516
100294
578249
-82829
30524
715370
765252
769260
763684
866188
993458
503552
22295
205650
768597
642548
78590
362093
374395
346322
558860
811825
54845
59534
167327
-43851
315651
504711
670187
740376
106916
141267
-38961
352987
104696
542452
648990
987897
93988
250439
987426
701708
961195
109104
290535
836159
61550
493984
68560
319207
382904
723188
794048
827253
945357
-23505
341635
836641
918395
126408
404019
240719
448188
731254
133040
458825
-91101
843511
277314
292845
184618
593172
674762
529319
924831
513150
657348
830153
98762
293356
881895
821077
66044
695893
702742
905007
274482
627904
117952
918255
10271
616171
561214
906620
191615
-14757
-97530
574735
813354
76437
386752
937
26143
885652
493391
29458
392130
862215
810187
526267
208058
334338
-89545
236690
859654
999209
748883
310022
-97278
374815
67099
475741
587932
72994
14727
272636
405094
223432
828266
732139
736773
271439
332433
863954
147787
944297
978755
369706
111803
-20908
449862
352817
270505
-32100
322875
967834
605078
774069
733848
391929
423332
680525
483706
438016
504845
175387
112174
86547
583502
770000
974432
661950
420708
570645
25044
934490
224032
102360
269365
552906
890462
869631
918959
599553
131154
509885
-37192
961516
684082
763074
709119
986504
536983
896501
616209
938927
82713
810561
1528
574581
-25199
242504
18240
556615
497791
613068
976210
-46216
875467
426138
-19474
393061
623302
803193
842023
947447
144178
544188
-46911
675568
665938
151825
429505
-60760
292293
-44901
233050
739890
534243
517138
367940
218834
335902
721274
826942
749462
716368
345164
196199
15847
680855
381685
84030
961405
878226
869458
485631
165011
359011
-24514
417036
473769
903436
-83028
311120
655893
362956
814644
331792
403550
-52616
694739
371948
988452
276315
770505
59131
443328
108739
219982
740280
394575
113935
33757
576368
540276
31081
176905
993672
574438
797087
270495
1619
876802
322218
756856
164392
465346
648842
876174
415796
447693
212776
-42016
609378
743039
255558
375298
495070
704529
339227
707371
614103
737825
965493
624978
267579
104478
902484
308826
-23722
203083
324432
743992
867251
84204
-61213
522135
658608
415502
694608
52748
888593
409456
32062
-43669
296391
746408
577346
32683
86710
293677
935835
384670
265923
474953
368953
840390
519199
172759
567538
158340
57926
831239
-60033
228813
946041
-35610
373041
687716
589104
903270
896852
768561
740337
499734
822048
353567
-21485
945615
298321
351915
681546
124811
466898
400688
694343
226583
185722
240422
206996
651977
617172
554344
936036
278235
868221
325088
123127
822399
382133
853598
655236
642509
870481
856778
776698
373581
-79470
692435
135848
-75332
945723
536879
833553
525771
229624
272959
372329
596849
983762
62520
42273
288496
215565
486927
678652
134940
915731
-41568
87349
212437
195906
382210
46944
879842
20573
341621
958097
-62879
794983
430401
394245
706852
707648
419396
893743
969072
556471
638434
773601
901157
314024
563117
911505
611529
325778
-33918
127384
796617
263871
72276
565815
90129
544777
451461
66644
651721
639965
897451
317270
945763
370231
385633
178573
433044
523135
966325
696748
619568
333123
-84644
393208
768432
607837
681771
70112
386599
-14788
358000
419549
630344
386312
24816
548848
415711
286514
383228
569409
659604
902332
588990
358934
846295
395807
443358
338609
664678
921578
594457
370941
434778
993718
630139
187730
516427
954066
554842
596391
220029
768456
607812
703641
-36383
695218
790961
467819
14705
491224
232985
949758
652566
840078
-8660
301977
934025
926257
264958
-6330
935320
287320
822886
329258
512259
754990
497245
828144
257592
-53277
445930
203824
-64646
84589
869216
283226
75523
301990
22307
708402
336699
929403
313822
392685
833742
586360
-37873
28430
138446
-11799
379274
626555
476774
411055
642454
949781
510794
766652
396189
518489
282347
433301
429931
239648
99597
892992
-70125
384215
514594
65313
668525
987031
920986
536998
846897
228929
922281
127304
925426
478102
590355
866975
839063
561820
394409
875066
172107
358977
-30510
875216
-99796
-67454
161022
533023
753987
389448
596123
762136
756030
808534
698270
596335
126092
898249
144760
541748
691338
481200
1046
804797
263094
486830
708247
-91315
-82829
437129
796211
-32654
925468
993347
260188
915624
652657
158919
597923
349502
627963
205127
989839
40144
339997
-51881
136798
665755
147560
720310
646163
728827
346051
931608
119189
102320
202187
802804
-37079
323691
346990
928563
717420
452638
189761
492300
353726
-14185
179410
656752
721521
-15271
697943
491723
493164
619675
881321
91818
782840
20000
858291
933328
37639
307257
776235
330688
821457
611622
998438
-13821
192247
911530
407410
599
-33750
42429
276847
478963
748913
797592
809471
446427
726325
782760
236958
6678
464511
121343
-81143
760428
460380
873540
323495
251715
881741
318510
328014
501406
406584
558204
370630
492789
-44966
367471
731450
886921
439662
272409
487147
574497
658305
-83121
838139
963347
951251
775058
606657
368179
46822
631591
383564
258599
131167
833806
-72349
97413
649140
-60766
678817
369011
56882
77022
517883
-64960
530593
338276
195525
761971
242299
793554
347729
413163
670489
-42380
218520
78665
803596
-84958
466846
93645
220682
658730
110102
969448
971220
800323
3903
803184
568434
384145
128882
38145
959591
-40166
249334
182527
243758
998342
760392
462492
260161
-59881
766035
185149
420398
560020
209455
-13834
842167
636058
386544
-21243
927924
-15134
658006
725231
899950
129413
527357
-7993
691931
97489
986158
250656
948254
355545
439341
307530
93208
823071
785699
737820
188992
189786
529189
47624
780187
271805
847746
-29336
748478
321513
719067
178495
349704
541150
724771
24453
137432
174098
720764
-42716
-15923
926820
-94014
160052
682446
250099
515599
233037
821932
-91630
601047
754661
598156
708248
607256
694894
4332
417531
718804
840541
744332
410478
799593
350495
573454
-53075
475525
314474
305029
449098
697394
324899
568973
786921
553177
-11938
998074
878851
615109
615021
664152
104857
689870
934323
992885
910836
99140
106382
192037
964836
572441
816551
295738
301376
755545
757473
566061
679087
829439
85682
16389
46376
493884
409283
634684
548499
208591
790243
516541
583766
199120
642720
596359
-71404
196370
-44554
246146
653370
-88369
974099
302502
717982
743147
517975
453278
783494
940053
740609
191573
562053
12824
739030
531306
704506
244611
545774
528749
799896
182993
177841
131596
732579
583227
919149
80598
347888
60344
522805
579858
73154
679325
775850
409180
700479
42304
149308
899550
308337
-95282
482786
121721
857189
743487
832811
345879
309587
993437
610324
35459
342515
992941
-74028
315799
871081
526615
225912
329714
183425
457246
839845
599
-37033
266339
484254
-71015
972911
480786
316653
991784
438449
356115
807300
674558
967862
160393
886157
-42432
131511
927540
560940
907578
766624
896596
960764
585888
139565
750026
364374
533443
421910
-6893
10052
229118
474432
665781
418786
975924
542474
437012
318661
997488
321028
730973
325944
554626
316537
830816
83769
459528
346392
315659
391363
281871
851508
408935
951970
222866
856057
-77807
369813
445918
596354
785136
98214
684463
501393
-13942
939410
93785
323766
913160
75643
435324
291257
780186
661536
115148
-17725
762907
252080
802185
259515
897634
821640
882081
681752
401888
469180
208223
484556
285164
486143
261856
963401
93373
117967
953050
640323
843466
758232
64277
-17220
647052
-73003
875936
58666
819571
309925
550896
92844
468810
656101
164747
815894
896064
86087
734071
-3009
408697
392956
599401
670029
658741
754374
300905
213914
615488
342394
492954
837863
515821
221795
-34694
265109
282896
971296
819948
914663
164341
10887
113001
99434
991902
141295
344476
167523
532458
-55724
321359
871845
808612
281660
481789
264470
292422
214747
851210
518320
-66950
2806
898848
185733
82372
-35441
-36709
805417
-81580
793317
359677
348186
838031
955954
458358
893587
911743
157752
679752
-7504
-95914
591716
110083
797407
711120
250533
820674
430936
151110
75463
22156
124591
211822
727593
816560
126128
34653
741214
912100
466833
648450
247295
463902
642160
47871
713897
502152
316458
36998
14688
461024
424712
527753
467151
542094
429419
146369
517354
322658
67925
768030
409918
907054
431709
-68619
977291
558599
620091
283854
764081
712328
583915
268845
139770
-76168
458747
281837
698337
919916
814738
900336
93570
662638
492151
371555
425967
886724
216620
714911
209095
925022
263521
51315
-87597
637999
553276
346197
406102
376814
687537
136011
363382
-81215
802315
165726
-77735
-75246
495683
110352
245825
159062
531807
24487
832229
986245
160438
498711
627714
898272
676782
488071
504798
747752
966879
514862
957647
465779
-86217
373452
356733
728976
430156
67249
539602
-19101
644751
479610
462124
830867
816787
583386
581671
956220
461564
305507
657247
115520
-20997
402524
662121
268248
224196
138821
812898
731223
331748
920716
104432
233481
906478
11209
992602
524356
153920
601632
776599
687717
393404
432819
618074
538162
-41273
144182
496908
973630
234354
418318
588980
65202
-32266
226159
304528
740259
740245
777089
281237
601866
593523
532161
181091
540470
921910
869361
903819
262015
330426
320877
518938
765087
-48535
710170
-97736
700719
982802
778891
840132
49491
30869
460978
954926
193710
947699
472631
968950
365752
893280
78242
381243
477921
945592
58437
430882
388220
794203
30780
822652
672425
854900
175393
107319
555757
30572
899791
-60948
738480
-72029
165387
914834
505858
65505
810036
280783
578318
480380
434182
649540
587801
933285
946774
-48606
379782
-79411
809221
598658
95533
589091
81595
-57855
682473
579610
948435
785904
196784
538580
914290
763498
696764
536018
-32628
82488
932271
943092
754266
854686
433580
-17944
732041
-93830
531028
327770
134548
592881
420047
331598
-92774
934998
985964
726175
997914
15989
317247
986389
517882
576777
-80967
420176
982484
885747
959076
-83045
494087
180939
275692
654900
222512
81486
613675
127193
738690
473949
-91877
512519
124306
-64241
962601
629956
376237
485568
842943
966856
-46175
111965
923511
881221
668413
340321
-62817
644227
438315
14564
372752
687156
160440
-7953
389743
640220
868556
502179
116952
116577
249936
512762
301548
398801
26443
113627
313104
616200
868822
305214
778123
886189
759896
265830
562996
739574
151829
466597
927223
433670
130323
445484
621131
797828
433872
663546
516042
45470
222205
639589
307020
205839
22355
284434
171459
521478
699400
656972
493896
761199
101666
-41626
544767
219411
989051
424262
269309
187637
690845
835399
235195
481930
633433
831317
174561
463243
655080
117148
-74457
741559
495481
571603
274279
101611
99473
271753
494445
60367
-77904
732798
138807
279059
291629
675455
622445
819421
372903
957775
930544
127442
507949
982822
481856
967323
637137
395710
-45718
132329
505810
258061
740517
723917
812961
407916
585739
959528
430576
675726
929086
215947
491971
762783
364672
598937
246607
256633
619406
259075
86619
431585
32876
-90387
548769
901056
523200
989128
857281
78496
247210
942402
595768
623623
766766
427581
335062
452978
366365
81846
-33750
293430
251414
928547
98330
892479
229387
865807
746906
475073
697553
631627
887649
550751
289771
782111
278378
