7401
852177
-55802
182385
744677
-86087
981138
33318
674337
-30686
460868
304586
255870
173178
533098
951584
316664
435285
91728
991015
329277
879324
638525
3561
368904
246176
574858
73675
746718
575678
16019
542194
281703
828978
169041
176169
193004
806847
816173
-91164
973811
269846
391306
659334
195250
582773
29625
-56660
570928
909239
952129
811935
305479
858777
801072
627704
856752
303911
974295
356031
323480
883320
273106
955230
327036
88235
904708
620940
189130
519134
878367
572237
372002
698193
209694
-27909
972464
703368
756897
616236
2979
110398
770400
820471
716354
296252
211138
389874
985894
267726
264717
297295
712220
185641
739944
183738
696873
83542
44798
74424
488346
565200
670730
422299
937919
426209
-92019
40723
475362
600122
280057
18087
550912
832497
245863
526168
-13143
534112
468163
749666
642487
826806
-16396
338985
252731
938929
-51741
62723
863385
-91610
43170
492749
230957
362321
601349
792014
47105
500488
723397
802864
985234
303603
691556
747405
996026
947367
17439
541084
916844
499289
588592
-98076
942991
758786
82898
701488
45215
508951
750249
474689
121948
25874
437490
892559
924529
566685
633753
220359
995262
-58271
824858
812938
809345
739408
76739
523348
590725
281880
122740
-7571
601060
556525
74271
645358
341290
994707
40159
532665
768843
562672
361834
183584
767989
804315
668787
590431
649409
807253
195775
829749
637042
322416
997809
308361
83363
29499
534186
173071
197079
990702
680644
45005
394946
919471
-79112
-60427
-98201
13413
556324
71975
158648
675605
501112
273425
291089
614057
94296
611413
759384
250618
480919
-1985
-82003
889001
744975
315676
-10223
853012
858750
342010
145213
750409
502858
819866
352185
340605
552849
-908
465448
42585
747072
952801
757242
419722
925421
656564
715489
489124
681943
582132
278874
134721
676479
499780
-96680
30413
952188
387616
-75925
953353
556026
80013
956963
417879
626192
340593
522813
68496
820495
556306
881310
500776
573238
261084
397432
96564
552734
724440
525256
521986
14156
783391
422968
471330
-62849
664067
56399
747590
958687
639130
416054
944655
259983
775207
731639
154311
564755
-45832
438057
851963
547262
430623
191196
154656
120646
692789
647596
442812
971199
435607
-47490
889923
488422
166840
174808
335936
90045
511768
-2152
852984
614716
-91795
952687
417950
385611
330989
604635
-88977
657181
976354
22801
875983
377200
-32668
960367
479870
-9716
483313
126825
943149
-78606
501406
854386
253652
361591
47953
179617
635121
-36206
339559
701054
81256
657744
500367
919841
441208
372512
707829
115145
-91431
761708
807690
272999
632253
762670
413576
774193
189969
623773
-83068
514299
43868
182263
564495
712940
947578
572581
696817
863575
787333
66560
545162
451165
417283
493551
795115
-67907
760687
422399
923465
798219
174677
394327
337056
881314
458434
868758
903947
731570
393609
430636
145456
490058
920737
-53641
805980
586085
248590
406685
937160
655553
407642
93690
484582
171955
649095
414252
809657
14991
274679
783912
405788
971800
441503
603279
75285
-10436
47493
727805
738320
57606
105767
836425
944656
132161
688555
507699
544581
18062
816735
977435
460640
515965
36097
997372
792513
602741
720104
729252
409339
502154
45218
403408
672557
851426
629591
989442
755740
78603
-18305
636047
-18845
758681
314003
327888
987273
900433
121820
-26131
507921
941402
715185
631034
352382
475294
192135
40772
265700
-53223
531919
717593
177942
673944
782673
191047
844054
-18802
55385
656753
171434
396600
104552
911842
123641
868900
562653
587909
449382
861464
262720
551509
377921
818699
366069
650551
28153
719892
460878
998105
456108
838623
522053
428775
940540
498683
403139
499124
275611
158781
515534
506920
278141
896147
148944
562432
354140
-13366
378017
276462
293524
650565
830627
477242
-91338
931184
757366
97004
754383
519552
274656
977493
693801
617816
185373
928740
458934
937407
734823
180285
867713
237743
215857
4111
569123
710399
696459
164383
-17525
855340
-48846
778565
413512
176313
-1700
-60562
934576
382678
703719
368101
795935
358144
232301
832086
975787
384951
914313
199871
783554
-47825
653367
218665
836298
-53666
-55734
738480
974002
715699
187603
683127
761049
551126
602428
106264
543485
292024
-28343
793852
469417
192394
432971
686814
368390
405876
46474
755036
161256
564001
728139
492430
217962
17086
424655
51140
456131
860702
76064
995740
728908
183606
-6202
948357
627089
835839
-87749
100544
958559
815024
-85149
929443
88566
219304
884295
149838
511711
841401
919309
380960
-73155
848020
-81973
906763
-23062
993240
-36842
364340
320104
714747
71886
485673
913814
516810
973563
53978
981233
586536
735519
359205
503080
732888
415882
218510
843962
487151
544933
229516
665706
605864
985361
755033
988473
573286
694167
567960
524188
295860
879423
507628
77940
594264
640715
213117
977652
331217
32938
155314
448114
934950
639166
78804
246307
51454
975740
196743
737837
161807
919689
403329
575491
211027
339175
580846
-91383
403989
997314
47674
931685
-39566
344258
146867
219215
145463
623963
495846
659487
367681
377645
394320
137052
184687
248994
197708
-75097
581760
224769
70866
814232
885975
93482
821621
785489
86316
140050
89368
146964
297118
882490
228660
82009
-56824
251145
825910
594077
250353
-37976
410388
306226
98598
938766
794446
972917
28488
999411
893158
338886
603714
-84356
516751
341634
678999
609984
55679
224505
495237
7265
170611
255310
701680
709934
742319
144004
-78736
505327
693024
365653
768779
469654
20689
373146
382296
275381
59249
280866
580458
416510
441472
268166
637683
222737
666465
-42756
953529
107331
870351
235383
319888
-27473
578302
393326
728381
13752
775272
684868
-30491
137919
271351
369085
609688
256667
744224
695092
461968
738533
794895
883265
111244
464940
467269
683669
253843
585481
714432
834531
619241
186715
653114
279700
353996
869766
81773
606901
131065
254066
568060
534222
981597
960200
301101
177854
524744
969342
165216
845216
177667
244095
725728
64289
306870
453192
-22608
-89419
751184
774165
196217
566626
565291
253127
820676
161981
394103
-36065
343659
127358
229186
849874
375338
87054
150198
-85592
648493
165304
552216
865183
995346
580184
587451
619489
61186
756352
809980
590728
281659
462742
396723
-752
229475
132597
197423
852018
83514
463659
561519
936500
527644
800854
195310
-54885
648244
149614
520935
668138
618771
-97634
893657
13974
87992
811288
162734
398664
57117
417899
605139
569592
141173
118113
456969
151598
240551
68387
-22864
987623
90596
223841
984868
76546
460248
583016
506383
548878
329548
93956
881251
611410
843133
12746
257416
546655
19695
778506
262190
399787
932798
390086
904142
283474
939179
666288
54537
439249
-40954
435612
142528
281125
417704
103003
491920
514335
798864
164710
628793
6065
283790
901966
200158
725773
49421
722708
879095
674816
-93155
268942
848355
844953
292735
272584
490543
510741
-17304
-98247
299226
954128
722526
151477
526964
276899
78605
313671
-68950
16395
408767
214737
171252
237224
286317
707938
621151
378931
259647
864846
784979
546025
-42887
377100
-51622
459738
746476
6712
157715
285345
530401
305925
937914
14090
501520
10459
642409
637668
817846
363223
193327
326150
787224
-79224
921737
3128
980731
382221
941268
211839
647717
-47766
500042
35252
902021
349462
82283
823818
122888
904050
-9389
309066
327420
262416
613029
828928
647361
337850
904789
660697
723852
156985
646431
810488
388283
891832
1682
571064
247095
972345
634755
196171
777836
498482
248441
841844
428380
728302
508789
208972
436363
816771
581560
288692
233784
773041
436100
-85105
838391
230935
795648
685395
313175
524131
-1943
54890
755359
931405
424471
410099
832695
791599
302008
903470
-98018
506229
354598
-9424
533560
386524
95246
574560
394777
82857
236908
545376
157103
-79007
-52914
430427
202794
561630
525786
730511
155018
900289
315983
439533
542563
65311
181472
465667
561214
829059
543053
247256
23373
-93739
324278
564966
150794
-88155
949427
603056
939842
246087
400403
808588
726184
62276
798424
684815
-70202
199803
370350
776685
959521
653463
749148
482834
459791
716675
518452
826315
663304
508327
-15818
440380
370288
30999
98191
350227
417065
668071
503112
822956
225420
132939
965737
693718
819235
68454
521066
903378
773482
893078
214964
999650
-10228
298421
246347
482335
885033
423395
955099
298340
837234
97543
884380
614689
49764
148786
-96439
346267
720193
419208
970825
496774
73591
488557
-62877
441346
-70265
786972
244285
694725
748172
665333
118985
140857
695926
862227
166648
534567
348313
105624
700612
877363
991986
796237
539462
339510
945230
-7632
540443
-71599
311833
-21252
810228
427529
739844
706942
647237
851937
-89026
413714
139412
28026
-89986
215266
62971
-8640
759916
677932
350343
35990
934550
738256
153879
296011
398399
688355
437811
374649
275820
586752
573397
-12630
816396
750283
499134
17171
875108
933513
893603
-29856
725607
91923
62746
410063
-50852
96667
54800
371356
88318
80181
28817
797510
289598
825808
396099
811362
197304
837989
495739
393869
288428
896560
-96522
778960
83974
856290
481955
17377
-48214
817931
687634
987501
840599
379298
178397
227533
743991
257370
298644
501048
14817
219252
-6822
-39758
649521
75350
242170
60208
720281
562798
855435
544722
151007
-64533
-74929
-52089
607726
445807
656193
723038
603408
190918
433269
966848
664730
990179
256684
82340
644090
41143
213626
924987
703765
-70220
420143
675590
374040
515846
148688
348156
822079
439401
62191
522466
22660
230761
214806
714246
466101
838641
924360
497821
931873
371962
277543
965034
160972
653907
682012
488075
843467
302995
293634
466289
887053
800659
666454
897871
964254
680979
-37103
985726
775811
51479
334869
454128
205600
183024
711172
20795
555459
35791
816592
477344
893675
585692
12051
350665
721622
237842
223546
395565
900643
669234
254522
277281
870136
480330
791777
788428
824659
36234
585418
630193
514505
797367
557192
328371
383703
992544
841659
269742
643823
319597
46937
601489
957732
95471
166440
-36957
-65133
756171
909569
764075
-30473
480978
409588
252877
689919
764545
625038
832276
853203
137876
998252
238531
61679
596751
426212
284539
361987
887081
618454
850951
139373
221339
594817
527916
738685
931394
171596
105621
664789
824030
188824
369352
5848
328204
687195
997201
153074
-64216
784546
446359
977239
760461
840921
422742
434249
627894
259903
183657
41038
244480
813952
178889
225975
436303
856127
81092
866346
-76564
924454
374579
755118
692536
-66854
725325
279000
111939
731818
456563
911938
-16068
-62139
472969
4613
659795
159268
74629
388946
-85977
263076
659122
187859
383203
700217
665129
404517
950071
444723
685521
261894
-11672
355462
115841
720027
856663
547793
723810
214994
695118
437243
444172
-15669
566699
395090
914899
277967
614362
864506
578790
524217
-11106
203856
-63742
-98127
886832
897673
104643
-48797
35194
837316
190187
310454
384782
475821
757233
695215
414342
752441
215022
470647
97518
202903
-21446
586788
977492
456437
550464
-51258
307213
858760
700250
734642
859380
343891
-20499
232140
288317
788783
280632
641513
953403
-64871
501113
-27357
761514
92551
332882
869076
534568
355824
185145
618250
353769
-32676
506944
216405
558623
759847
484231
467639
780018
851550
727440
854157
908800
622991
161910
858288
313605
991187
471586
258593
858068
224040
92479
16205
190769
439588
137762
779627
484601
523360
-97098
197462
789780
852045
685923
159200
770672
176174
660735
441052
751806
-37582
145916
315663
125033
342611
323035
95801
-99051
-97486
597578
610786
226978
-829
533893
372610
254160
464486
201802
72618
191810
415926
273299
138938
589232
770575
87133
696566
676423
101130
-87560
738264
709599
494009
144152
281743
621745
16109
777207
267714
491159
816711
214464
481198
18535
377640
256253
-71607
-14931
772473
244088
884421
-55629
114926
24748
141945
980561
197966
902163
702710
171255
721360
241291
514260
328334
225556
448890
952749
-90361
905097
862120
199807
-41633
182085
52967
21370
612302
791246
53702
542817
990793
549382
495150
427672
399090
632881
373355
507688
799434
355086
101506
936511
984507
441206
604711
-70124
276163
132852
935671
873716
865479
585876
733131
154760
226276
941967
817923
783946
403812
-83352
169785
991223
657349
199568
402312
-42133
751504
4033
996092
640747
222053
495451
319061
74408
865813
512062
508197
723879
415772
338758
832058
982998
170619
494184
-48844
409314
350152
11876
180364
277617
558877
735358
937943
540852
225326
754565
681056
40527
6529
350172
701763
250426
899885
891424
559581
846398
526200
41685
645404
710246
905152
344860
-10845
412876
989776
63060
573455
629569
530170
213129
121253
810179
492887
495445
948222
954703
489136
967330
377819
-64294
116055
471185
197500
474654
904004
529216
532436
605954
146283
274958
309644
177404
875923
189077
269999
358593
779747
365240
544222
585354
883864
301602
493864
152833
830483
351524
340556
527993
640377
570414
988042
784706
580607
480297
637324
416967
697199
988141
257896
583644
479535
613093
719293
-35107
600923
-11524
682505
35061
479210
-38455
678342
132046
227731
601629
963359
699072
202991
106235
922634
240035
136475
561940
466225
106896
788129
837331
-47070
148484
907317
599982
835199
814356
33709
873601
611065
76918
723902
115596
453125
196242
488542
550700
854088
-19675
649356
-71343
320901
335120
76512
737603
998006
-77756
776690
15133
632892
550978
680892
666067
923853
854459
430197
402669
776728
464925
23125
787232
471247
468450
-74757
198353
835860
282695
840632
25819
199306
328051
980552
969247
508038
-38628
128785
491752
800528
10380
317380
426746
192750
585196
-43043
904310
59516
638238
636859
258224
-79971
117319
-97547
398307
-83727
741330
-61468
62365
61234
797536
110025
521310
818534
986014
110888
623984
-6647
80500
791643
678578
88781
65975
120639
589450
571238
356136
288053
468510
548616
-57828
129908
481999
-35655
639285
401661
653088
445758
276165
687046
892329
358409
92786
934461
674711
-77385
141336
100904
493199
614005
518251
748338
617464
888043
295488
620196
-49031
649802
148508
62114
451028
372417
184802
335260
464575
424316
825781
664411
66504
12896
436871
237734
943352
38448
700907
800324
809816
12583
461595
366632
812576
-21554
268788
523802
336496
332739
669002
48787
447228
323993
913288
312648
399947
367279
462679
139365
388091
207777
296399
139084
199319
247563
354512
801113
151676
692034
-83167
844007
31854
967045
391657
317206
19475
450975
888230
406913
-48952
665727
557930
717293
232682
-8989
47510
55887
948079
673518
25934
247111
112129
400075
880433
771139
770276
612461
647459
-25314
512095
937426
63141
79293
341911
716351
581702
395842
832453
5076
571249
662546
638849
495806
380496
645927
502839
227662
452392
939153
535859
837776
566586
754984
650492
51163
442663
34013
180491
349840
230824
735515
160474
580159
502559
285531
510618
147506
869415
140785
1015
946886
790785
799819
491155
581754
266899
603204
592373
422880
291562
-27220
558302
972473
-4968
252612
510598
913747
83740
838958
910263
972682
335761
-78093
522217
146490
252288
435002
918412
228212
924584
-14789
661873
189924
475912
384499
784953
278527
547365
-15264
-91097
-44522
933980
582253
-66418
775201
-8795
698993
129235
614887
-72450
700969
-56845
688967
433598
959362
258016
282066
755887
118577
155249
436870
900156
-52213
384347
313588
820585
499372
418109
41463
601837
103154
-17461
106591
-36521
523060
113576
672180
773613
351729
169715
721812
247792
92011
75039
61304
327433
435953
208167
526264
334352
65565
457715
478260
555325
393982
194449
972114
-74514
804586
484507
42410
722777
65067
706545
20175
93676
271850
686747
77389
497925
144820
796930
-33650
900876
660771
273757
476044
97718
380064
401029
808738
234165
241252
718973
-87702
189629
448165
575897
245262
514669
500432
224958
499585
167443
269059
470521
24797
46090
148071
900564
654614
317165
671855
321478
842088
871604
659878
-8189
-84349
587654
-78654
918979
73138
532836
71970
784229
292270
942078
-4116
607879
453949
747537
-19680
430733
199512
589951
51170
945
757878
278070
744761
945774
835677
84269
943280
31854
432759
696904
786016
497486
237682
117203
121180
91083
725623
948089
630142
845860
380601
89310
751538
-51594
412946
723282
921269
344018
85083
375057
776409
879723
640181
969703
28659
337417
-99563
-26628
888303
146237
3621
86599
167327
671626
547283
733049
537397
369665
899944
59618
645587
373449
564120
701037
-729
721256
998938
592882
77080
510012
52344
625970
41492
231316
936980
353710
709717
874157
614400
871904
372482
213882
818349
369847
-93431
380311
-14181
423840
-54375
811190
687603
167180
374938
841479
921255
852702
-95574
40438
398410
429126
415613
989443
119491
261290
998012
-59949
528802
828509
93681
199417
368685
629498
124151
240761
696396
256270
201789
455701
264193
60337
529382
684263
56980
312149
817257
553538
-7141
741800
117669
852615
725725
634503
560754
231734
722670
-56547
141866
985846
572142
654284
176871
809694
995093
157959
893794
105667
844215
752584
830443
615734
198519
356658
295204
371855
41963
118749
193733
562055
553150
622718
393431
678470
138366
460588
805086
819573
-72726
376474
527524
258199
-30063
-65639
327622
324000
294443
350277
771037
745584
827514
515535
816199
12865
-9509
156014
-19231
-8550
774533
348581
822525
650620
820746
366534
774545
-91197
648419
709318
681023
227758
688510
414183
146285
547798
806100
760750
412465
295697
572921
-13152
954646
-70730
642672
348731
864876
455415
555670
553921
998723
459049
241619
780770
27007
763572
-58176
877193
635172
-96077
99383
406693
122476
812129
952444
-23967
523828
821875
930088
453230
644618
158862
-88997
155900
148229
264152
874040
545216
74351
636661
114671
354277
220875
907761
837048
835633
110784
296031
250053
-15534
343566
266556
17454
698192
410982
241621
955516
951277
41935
533922
138953
-80365
-84203
853058
527118
630811
669645
345923
241009
57285
563043
943564
803555
-5244
676529
141755
44671
654254
682660
14048
826777
958805
517989
146458
807265
772626
979102
108191
811452
979877
89105
849379
722212
802552
758507
725523
994477
768990
920994
397128
406551
881491
850671
702148
828300
919722
235499
793743
985988
796038
-7081
7256
-8606
902791
544999
618911
435529
-64575
634434
393388
56141
911170
304468
450785
95445
920385
424704
264675
235740
873381
816718
139666
27306
144306
674327
-42986
334919
478186
-24474
886133
239168
557017
19358
219806
-40498
309598
230126
580091
-87248
325080
549193
107702
311949
903488
-66551
-75551
962165
254416
792821
576493
788582
479478
989385
960245
434175
420133
415112
208335
743818
805743
430386
184871
292157
263882
590431
-23838
100097
188333
611896
135298
-71757
817585
639976
175175
-66342
132319
-2
688329
567881
357929
-38879
700174
720479
615192
817256
876632
21900
247986
958460
-51034
937073
558848
172091
863942
634566
149750
675827
776441
8375
565676
578079
479716
880334
817288
515301
306067
447380
758707
978160
367089
60721
822731
992642
767700
859847
985423
257263
695979
414589
935030
656618
43243
340409
-52988
550161
657398
214444
200325
288731
-32653
665872
654438
18689
98225
65717
454247
403677
600432
952432
590015
986707
782252
-48995
527677
-67989
360643
831043
408553
867455
930030
816197
500143
70842
202916
62635
453941
531660
637328
860105
-68210
513159
59843
585564
141622
325798
631365
428304
654063
919411
-40383
751319
523257
322183
843334
274668
540260
398211
694632
653801
147588
436291
571242
477210
623328
176206
567864
119457
659297
110413
-6716
-72290
732107
308017
341879
150936
948563
19786
691999
364986
-54207
488023
517050
92694
-80157
191931
833103
619721
399170
977363
27510
-96590
-27629
744954
291654
385883
-5274
154618
771429
946992
836278
453808
930286
949184
862830
978958
939401
637095
754447
880472
220216
978244
356347
265333
661749
680244
75176
771004
898603
30901
537257
52390
787560
440898
316377
900309
-10783
-72975
-18894
312388
57052
259836
247525
454233
615354
598570
310956
540204
51975
-88895
570710
78296
498785
798301
802455
283839
-65792
585414
880028
40695
207747
370827
223492
708047
786917
645327
199267
-6331
895973
896039
94823
143278
275872
543389
614963
762768
184420
311253
901602
439831
959148
842124
498274
900743
-59403
287954
644063
724000
60413
730717
318958
114991
11620
-60523
721941
-81911
123524
849433
100737
503490
15142
296836
221009
848317
450155
986205
72200
511884
-30085
985032
-67565
549918
684617
736617
861974
345116
638999
33374
984127
850994
829394
431239
872518
430135
907848
323415
-58160
879276
379107
9827
-85344
473054
943769
411257
282792
142287
752373
173565
215707
53417
410949
195872
572296
924762
877660
616404
353526
675534
604512
332320
925253
784185
17092
204068
22180
732739
884982
503481
-49277
46880
631629
202815
458902
319302
897858
893786
50028
565110
844762
282692
703301
316769
835466
909138
104067
117230
-45981
519885
118403
96176
496624
506881
25578
111484
-56059
-62334
430608
-26668
-55664
496386
826416
46770
-89622
404946
-11664
426321
-89543
741285
493367
319529
212628
608967
647217
472345
887754
87970
529752
569160
275331
606436
60679
417842
591084
612082
735871
323791
457266
722964
926126
383235
887904
788504
965125
352429
828781
142002
-64926
70218
985390
812265
929855
692164
754826
843736
957414
335058
270264
870423
73532
767233
982518
-87491
242389
222940
903123
239857
663746
94078
971835
761745
-96835
317208
942937
39732
887009
54676
191181
2714
239965
221856
185813
19966
746
942186
796607
317686
945394
49898
112126
985525
382052
-6049
614412
792149
810995
579166
422300
779070
843983
-73060
775724
266919
633059
12336
126184
843156
32074
453299
69134
943759
411436
13721
414919
908652
450559
153138
992875
607533
-65198
-94818
587580
630600
44080
215440
-33770
22212
802753
591239
538295
475393
-53226
30066
883689
384575
599556
610129
491401
699421
131559
737028
361252
366414
294996
248999
354327
442614
445787
635967
503142
165931
633525
564118
-7904
58403
741834
549534
375991
327212
658782
929799
-12525
353307
670022
236673
180284
223828
254704
-60069
35914
102315
552292
841034
228662
-96980
876156
549910
963529
426017
962867
828271
612060
480972
908403
472400
-77643
152509
55905
259578
481495
519853
709037
126857
638111
488493
725316
-39637
536403
453842
636147
189366
-70974
563075
423146
401020
855585
208972
846431
825262
178022
933690
184024
131952
749691
858942
201774
21682
721329
155435
117231
869235
318353
896347
935383
69461
603719
569985
386255
93958
-11259
661972
117897
775324
-53421
188174
798068
169337
863742
528836
257942
166670
76063
436231
462772
658408
25505
192900
989272
303581
293187
169114
-16758
567775
322312
882955
681680
327784
657221
691799
202354
813638
843307
-16185
520985
403018
363791
-99270
37044
684525
215282
573633
631565
315140
846698
402961
344719
358874
110668
802929
818538
949862
632885
123100
306512
739661
365625
767867
-5656
23175
376946
327519
693207
91522
561413
916168
-42944
671293
976739
337640
757304
47693
126040
-67240
410702
824235
671471
589597
863792
718491
994874
397726
-50269
-38554
713642
196491
-35149
412281
-26861
67215
280258
159118
214862
602698
-35010
503230
946502
-40059
809447
-62378
-96015
962381
666079
720863
936817
382150
817227
567472
185694
619472
453436
488677
111321
153800
940130
775100
203587
59600
741907
987704
544232
421784
701605
892271
181682
47911
210235
409082
88418
226955
123634
354885
273564
263305
316781
593963
966191
706880
427544
420946
205235
503364
45466
913210
177546
310642
549028
-3571
107129
129534
847374
795225
449932
796625
246905
906758
770683
801416
26696
578679
-20170
926283
867605
1939
247253
223783
469499
796050
962197
110669
727963
954854
615177
733761
801774
182938
702796
-98180
679742
953018
866980
630161
255232
178104
523197
115366
401112
755840
679075
722796
506937
269931
122488
598063
-93531
872260
116260
355843
126417
537032
530754
190315
701597
798308
551160
637612
32114
20996
391414
395444
43416
-14002
879384
339507
631800
20374
275086
416493
624092
384544
601843
269822
235398
204245
151709
13617
561982
670779
509737
436003
112064
-28770
867785
798004
678880
942836
326138
467708
305576
966678
910877
997207
269936
249147
-23450
959946
239612
632161
175841
56680
701543
838936
513773
452560
52637
408871
637148
374679
313444
525433
129697
216622
900383
14905
124050
555006
190680
790290
436180
34210
950934
866839
479814
204567
363889
739200
-14933
959438
857068
-33954
636229
706852
921581
915464
346378
362915
243795
296818
219159
951521
137857
976696
610292
668098
468675
214339
548231
855282
75368
75749
949153
645728
457688
671171
313524
438794
187736
700495
636045
435882
373336
273499
-79215
450579
213044
674166
791918
340629
256991
632740
295329
564712
216439
-90276
-27484
298620
915422
552858
180730
586280
248583
617151
558557
237053
304246
37203
1634
840833
226473
-56720
168260
-20548
733900
822585
509213
696728
712888
785173
687552
453838
57674
277288
407224
716238
-23647
994089
724777
856348
448698
755232
132735
813130
935429
74613
657204
44548
-15645
547768
57939
107819
25688
850230
718457
915725
-49310
506917
193766
658666
-57212
305474
741667
394311
546281
594511
281382
985771
85417
357200
27280
28509
72141
156097
816109
53068
694636
964239
177136
-28823
355134
115080
-5812
911798
671794
-6702
189414
376937
953669
11318
474981
5860
728653
363991
411487
518246
22475
644315
18882
637825
170701
253146
500983
215319
737281
830560
305055
819170
112514
-87853
355745
91675
442372
886308
562747
296182
988186
931391
734042
452495
-45956
917951
979917
-51271
29399
809871
326885
763236
570340
826756
575429
127696
22624
660105
486407
103696
-78908
953720
122286
268300
470289
259672
558549
782109
533348
236213
-27388
133205
989710
-93021
260418
150478
605642
230015
33164
191748
90083
164393
480189
709747
356824
491377
234116
856633
549935
371561
356453
696207
-98209
887993
400648
67882
43633
-67088
-87563
139874
528451
-60199
682874
391077
-73078
65640
828326
914594
86761
790102
446770
241967
392641
363604
918041
465129
887482
308556
191809
866789
999399
237522
43032
214093
880005
468480
75439
426374
383515
508555
458385
877978
-82028
384985
424103
-28912
492308
344322
92710
750589
636070
145251
5034
711736
645462
534455
706484
873310
458036
-46655
546473
92265
-88429
456724
188703
759731
677349
597007
860944
77137
175779
737472
278527
491755
693055
476258
-21587
245575
588844
741183
119079
412886
226404
604793
258987
479287
52499
169504
-86317
908416
523297
-18535
881797
397214
732256
54808
889432
-55954
-67948
422360
888142
499713
668179
111241
589115
721130
753638
154036
745281
534592
276543
639403
498230
-81285
459408
780591
149005
312559
704695
319066
571167
486642
326324
-85413
138807
716414
977529
-21293
950077
763800
760025
500808
994259
228214
511692
527606
533575
14137
364526
331343
908881
329841
497824
168893
926492
981754
507149
592262
673447
206584
830148
968594
970928
451761
790379
607669
39532
792611
590738
133918
616943
378149
985975
518693
13037
252780
400637
191348
575725
900643
72601
34885
735500
26607
452565
829713
685897
89386
480971
137865
7565
472335
925074
941157
-90145
706264
811479
857504
548062
414499
-69418
755792
817668
947230
370968
195543
820813
848791
64170
537112
425655
463609
703591
988897
324923
209198
977364
425254
-79752
780531
833091
813200
677478
50443
-88863
696346
917012
118644
559042
347302
-73512
656746
-82822
388813
532905
892624
508577
450874
669697
723487
674077
534611
789603
169695
982003
-64726
902372
585220
139638
407171
-74533
590718
627641
608609
88654
24800
556775
871178
802969
508285
3145
322660
254263
888811
153655
603434
792818
254472
104295
497939
67218
112177
469795
328163
812651
785732
257740
993666
677437
47540
-47802
478292
45292
664044
-52241
26963
985882
231984
489852
426816
699667
642380
-11594
72329
180725
808253
822570
551866
406143
574369
-49151
474998
377477
43544
-64758
562418
710643
708927
84607
540457
828367
404593
-81666
72635
35069
319670
24675
693741
554326
149005
947955
952118
248957
10540
435860
651545
101592
451723
835589
-77636
38030
820829
536119
967828
933799
144767
963423
131041
442981
247034
700295
112492
925164
867413
901856
363317
800069
827281
680210
593778
902920
834854
744408
700903
667344
771965
398634
744375
141070
311247
842299
811017
609743
-21977
10265
357362
780424
-2582
459119
187132
595269
568800
105262
34115
59320
363948
97583
904065
187851
927063
822454
551698
451290
518105
198645
489833
470564
995776
42450
827309
260369
424038
533872
978732
269810
406299
130849
759860
530936
508335
772539
-70877
-94715
619054
775372
939451
264006
447742
184949
811781
521621
445677
378527
564693
706313
63728
344753
977039
118751
530328
546054
103721
278704
280259
946973
10960
578696
591294
977369
894573
953377
257645
80516
272767
801922
740717
273478
-91653
-69045
881356
646878
176350
-67529
351122
833389
-96068
18095
797514
942750
-72979
742399
269186
686185
497439
488325
845280
683781
215836
936358
822332
801496
734781
790616
603694
403115
882148
427762
807115
277039
844305
576805
902200
549298
89859
429186
94693
160477
865984
661867
586617
684509
118475
289887
782690
771171
891309
533523
772885
783060
964668
771570
902978
512234
641847
574357
875153
580099
593369
256543
995091
136726
331834
936169
-14574
41932
182462
897462
370713
943132
908166
588042
391980
191970
995389
600997
818806
894958
486614
192941
62895
830368
656522
102547
631354
186406
561309
43662
941636
144562
831236
586429
258374
248084
-85402
786702
962804
970544
930652
-4611
836433
434740
874202
570103
755776
957499
890311
-14314
504868
433962
738115
672034
83423
436198
745148
838289
373929
962650
895171
836721
-63080
682918
722478
490857
172914
496951
478062
715357
68738
733897
-94137
841974
938193
204688
918994
357764
366261
363144
-16837
-38865
536861
437430
968045
825452
791161
991079
339149
273537
903255
175532
394548
261122
137758
20630
273169
765553
35074
471784
-68633
986782
398481
167688
153697
787986
336196
605328
145449
664225
242408
523879
392762
130726
337379
552664
759101
842510
779983
404973
762252
458228
764633
387537
631687
968638
259379
819840
379321
927452
725920
503528
263165
666553
554478
993119
493290
42530
-39136
189269
785331
470327
598449
40780
503860
134188
132589
64396
-51109
392281
21128
338289
923625
248688
-27087
132543
338321
540044
12425
457650
138820
146707
556892
808630
227156
132289
601463
320298
396131
-15340
174372
493342
684015
561044
572200
285196
196091
229849
557063
119019
855281
713101
391723
-15838
796885
349864
374179
536622
188728
-26109
743957
899643
-95591
819145
673467
567305
76588
978280
585212
446919
234030
158406
97926
939496
724785
37635
242865
500695
454465
415104
153216
680391
-11167
359518
707820
418368
180
633477
296415
577091
118856
812769
792108
323939
917953
571611
-62632
42877
793418
843327
937807
194462
883849
326430
34202
886847
151877
766529
474860
-45741
763867
356490
887083
262094
294703
705699
-75898
316579
670195
328119
729517
559475
649856
685574
768704
196169
776237
254158
-30984
516626
404967
254479
923342
659025
832937
-98256
249832
655044
856861
-50452
545702
622464
238752
555400
316625
604520
210720
930174
227964
186083
653490
394126
443398
171809
746513
370547
34940
328155
812619
-6004
694698
443959
441037
615499
575364
130063
472990
-62197
726460
418731
-8417
721893
488144
327609
876301
646987
604116
421132
446237
569048
404107
-94586
168512
377838
213187
792414
741323
521648
-16185
983285
535029
63500
211861
305475
96430
967527
586382
697067
548229
590207
617022
548441
56440
540316
284519
385465
493460
797524
338981
409453
954829
135798
80351
651028
950094
607710
42247
780745
841287
754181
237643
421782
158784
-84862
114821
545407
-37240
774049
471271
552156
981577
79726
453347
784245
705665
394336
679913
330041
912241
159555
2037
-20511
-40118
133009
61499
455724
521582
129946
960707
447388
613641
675853
-73851
466961
34135
235464
194723
897228
110597
-63827
211953
878476
965717
637601
974198
230066
660918
533401
498322
801605
577306
749339
-79433
365781
885886
695715
890133
85039
364846
-62680
101838
667392
640914
544702
-50008
814238
159808
-62203
317685
440454
295006
445549
781266
867439
106129
836839
903565
746831
98734
113586
348549
855666
413729
633538
896099
748924
282664
126484
194455
160637
-69235
-34234
270696
-15104
487517
644632
538050
722260
439251
335386
658694
819513
894276
626485
609655
290795
635449
916651
817461
194073
567626
732760
493225
200567
474160
254011
432541
764490
-53209
90390
377077
90973
53872
72334
690297
996651
219721
733631
141976
598720
555460
956710
939261
987071
-51677
569918
142037
819301
168806
300012
704724
106422
109177
-72010
137042
571352
6490
152916
611073
403259
730576
100189
71714
825556
643035
337723
899722
78011
864478
867627
2756
573901
867883
173519
124479
867511
586653
128876
618321
911513
809432
-40233
403028
891479
298735
842371
748264
119582
-52583
895711
310257
324958
594738
912383
597136
78399
284578
121543
59983
741635
272222
926871
742676
133967
820999
455696
250900
77218
236246
630218
522970
179429
121980
930186
317507
509436
135000
99715
410840
227425
8990
972667
505152
940627
858164
313365
863549
506757
297681
688452
904215
950540
497241
343701
-19167
274299
412507
613461
537521
375786
283922
904478
891194
562556
529428
718201
403050
318174
-29733
260652
537487
269028
379666
441004
86521
280616
-69346
757021
953368
826972
65472
469154
400557
467501
726689
429607
515237
586653
972615
320798
33246
663196
-59073
-1961
661274
783226
380370
199234
548495
951448
587229
95044
629243
143903
698565
417827
20705
227931
944746
635530
27026
709078
-33407
655722
593642
838975
714431
843278
80591
207475
815150
551399
77581
828750
826752
-16971
241308
959620
715073
932243
619272
183982
401453
-30801
570688
316172
-34338
902056
748826
155121
161421
-72628
820160
10464
310033
619269
514818
140977
660402
576547
607966
81937
-877
984896
535337
335811
115582
-58849
743582
447769
7971
2520
840798
536760
-30981
-55882
621556
768961
617353
656758
127632
-74280
631636
857809
686765
104903
391925
603780
-51979
221930
886060
139906
-22333
160961
-84193
718915
705670
231424
-63559
118189
240694
6763
-50602
906807
635991
142809
969768
255527
781420
994344
877386
-26667
919637
765797
383093
-334
922261
467019
718707
460789
104296
72890
148022
341973
332291
302776
782885
888507
385007
119411
365339
420273
702754
789351
838342
563692
541686
716344
48565
519096
133925
41354
650868
636549
917076
448392
558521
788802
156231
852316
87272
270415
231787
460362
391955
491372
373995
754876
380328
384996
973357
352684
13573
960745
658341
-56285
335638
516350
337352
596059
710631
316815
290293
838415
818157
584466
236586
786129
104873
752149
860783
768614
734752
787823
386785
164166
64165
753370
6460
294781
731092
710997
193596
889456
829061
-19941
164866
708629
885565
272560
942292
333464
88821
85969
846611
878286
654115
238266
26004
326062
860977
496442
517442
725402
417956
376560
276019
534081
260516
178844
478833
492391
715442
367886
305846
493775
423762
156336
579899
100678
789254
864369
756545
73638
473618
734016
-16328
345137
430425
413369
-49215
188933
609656
933452
106160
632719
627447
-75913
180601
888054
780053
821067
451096
406718
805231
125793
874166
363634
471500
797698
498576
730511
99175
76343
308903
-42853
172157
655769
26428
196057
960973
-33679
714506
167607
944550
962350
816310
-47149
829946
59006
212886
386795
871631
897992
293681
651080
643466
837232
741481
267348
668101
672144
-49644
119801
554087
711774
808714
405349
86059
716162
791683
465358
126761
664748
668003
68707
517833
988587
686538
289605
639071
24456
323888
521891
612044
128639
716199
679792
644151
314535
811729
168299
271415
283296
557597
221779
224535
225092
734690
216513
741548
903060
879144
600340
6238
321026
20318
973815
208767
395122
56046
-90322
396908
462005
994299
832375
-88464
311298
262546
13778
934296
101583
-80035
386121
349186
73197
105123
388208
41917
35915
770060
777189
730342
-46605
531314
901530
69710
497913
21321
55303
417458
360848
873635
490068
724495
126030
722551
-57694
984
203476
283654
546787
109872
517274
885495
248955
711933
-91508
788247
51356
978733
725547
52469
31922
948659
30528
609671
89048
773818
166209
606605
289069
465940
65408
305502
157784
-76790
486603
-74805
47250
713511
679459
140406
470077
165438
365807
-13765
118603
138037
971305
913916
489592
992595
124892
885309
360867
265495
46377
328788
165598
180147
198601
689290
344115
103327
80465
-50828
424967
302990
100723
717208
54569
760937
96786
850013
655174
861637
173725
694126
338053
979869
448301
212958
589260
195155
559984
395750
760109
481430
409116
572531
394120
43915
121861
16055
928772
784057
300377
319292
-39078
506419
922944
657231
954903
228126
105818
557849
11854
855437
72353
929745
426043
-30647
64991
635095
561186
957592
881333
218998
-63886
61440
-88950
374656
-26805
22138
308867
375660
808997
996494
960457
195284
387053
477525
758702
954030
875198
135963
713519
528058
941683
-43981
152864
446394
148857
68154
174700
-61539
581764
998089
140367
417779
718022
555628
417389
166873
709840
482491
465075
321629
555413
690755
210427
561206
370663
21680
733406
938673
866367
-45969
846348
977730
118402
405746
120319
608969
361367
786038
371370
253356
781008
878108
54503
-36578
85443
886548
670524
656669
-81073
353671
872772
959786
318100
803593
680707
113612
215867
-65008
-33201
355367
469803
811257
-55939
299191
141092
9747
302210
44422
697161
828656
623488
932806
126584
185462
889748
695573
387638
725487
589551
865200
427446
178948
691649
-40773
643897
864396
328338
922586
246950
693460
542621
106119
237510
486822
494278
725539
716619
448886
54026
281013
540973
156255
644800
689209
558730
-44768
518648
964835
94227
254474
364894
25165
614318
995326
919128
-12680
639761
-41968
735816
748385
110847
54865
817442
115309
411059
187271
62194
512842
632613
258825
376241
694699
456130
590674
311912
870217
739903
582000
874550
346507
579852
989827
784530
703742
237955
423794
-96208
-18460
672403
742653
544176
784929
585960
845808
520996
815624
772332
-42109
233809
8489
661249
-91801
287513
707515
913646
352029
281262
786182
-97246
976397
323057
727417
138336
218426
854918
22429
891571
819611
342452
376509
157070
94182
86971
984443
397585
126604
289827
883344
794677
479182
-46231
298718
78190
-96445
250984
66843
-52734
-39819
584067
693348
213504
637578
313655
-28043
169279
-60624
600814
267460
281765
957178
453997
333078
531160
62071
91442
582940
287361
159554
147191
724877
684150
-20831
32389
552633
672690
718926
961082
514916
81644
841713
-79542
387651
861529
558312
792442
-58475
537800
139555
2389
439130
899127
961281
13578
-65742
763529
616649
944147
-66639
784312
464181
131812
721098
925396
458480
744612
43310
777981
584740
213108
57493
590300
474751
580668
501501
201258
857603
482229
452556
25496
42569
-95499
173709
831480
-72383
189277
169088
351879
466884
936889
527451
642213
959296
773348
118769
268507
777154
-743
511049
59472
386149
644959
881805
306508
840187
124313
377521
578673
480239
-98795
151264
145066
533937
-26043
384131
658830
-95003
837880
484978
927706
580440
755347
897878
528744
-4361
276713
105399
951467
893034
693255
408154
834604
790568
256280
560864
661311
617728
666178
-95800
56710
267720
927814
446554
549246
551945
575279
54820
611439
846057
478550
812523
902872
91316
-40542
576250
936840
190606
-64641
394397
876761
441805
37294
391838
-17708
26999
-15894
239022
712871
754063
172853
167527
426544
237661
200346
732464
388994
905351
346165
781491
428002
468422
82025
329690
338451
353368
818408
228834
-21969
262786
885879
156820
871595
326654
233229
583711
573978
535202
595902
77640
58405
157937
287441
-20142
13360
844736
185917
59368
340830
499825
94166
820212
499538
188348
172566
751193
502376
131495
438642
933415
55987
570914
-97102
994891
176728
860192
-17229
340920
532511
978816
928674
56392
710268
439490
879064
699733
720225
-66828
703596
140488
579080
958385
90764
219074
432488
369656
229253
147177
474659
726029
457230
866208
675684
276113
561421
812966
264776
896958
93823
777549
797184
702732
881387
880072
-23943
231773
654924
725998
318822
878603
772879
594669
245381
586796
791195
728424
695674
750300
143927
368421
913170
639490
108044
-33369
267707
30845
931450
-89899
648770
197489
808323
546306
475184
398085
983202
994688
651690
394152
715510
812763
719249
186305
65296
-86716
5841
-5126
827508
783370
597419
163562
565897
870663
386187
376841
709219
597650
616511
748641
457717
130214
378806
635591
570395
565293
193249
513340
854124
231515
479964
969763
-29963
296687
-39462
488809
745143
335795
445100
679120
303189
746203
369610
574013
938610
694544
92723
58804
563690
-47138
633772
616041
457450
58311
995335
450093
-44627
631181
951295
265938
549108
187384
620044
729005
967211
412649
248454
189405
680905
547163
-45132
237243
100525
385698
219060
862663
883423
442966
143388
493849
996183
509407
784572
-6341
173388
267650
106840
17471
790348
83706
728932
40744
25039
-58731
476056
337565
39339
271415
411094
579987
918175
742928
821379
702996
896677
487527
41028
738689
-64388
-70877
701896
336696
214822
164935
655489
314085
710581
291787
-80537
481373
234626
543149
574430
724886
708817
938616
438852
450775
65027
387236
8133
9582
973228
639368
-38919
527236
-31186
950752
19209
483609
106902
102661
526003
996008
582825
78640
570414
686100
655960
988977
511716
97235
168115
809097
113394
345140
822003
80544
606276
-57733
552224
603631
852126
234386
51406
146624
614879
215940
465661
877338
148096
940602
608323
50076
178317
-65431
-87415
545542
449212
202468
413712
169098
507034
595911
511608
596386
161992
937183
885744
629294
279296
558915
622396
45303
-16398
566480
385868
616233
103922
460528
-53882
364609
-26222
531870
535067
598975
132317
595939
346345
655001
623309
832658
746770
147339
685579
839421
741912
47722
461150
-64388
-18327
761698
918777
604242
199978
149678
329471
458314
542802
-95616
953456
369972
880122
881461
460391
532338
643701
517791
736969
220616
363917
175745
825900
-29499
986282
-43718
772556
844511
19744
399681
114879
455908
-3148
201397
474374
358983
478975
815883
-93266
695965
-42358
-29156
39571
588567
868174
60713
-56794
585658
777383
121301
607655
718615
237358
356896
705815
106573
208806
764640
-20025
563158
-27723
472018
335068
871772
248370
440953
768865
338583
8282
791593
515834
-62592
8914
817307
148352
832025
121607
128833
222471
396209
939847
4272
19800
404227
558528
-95819
516660
923467
147200
746978
89224
153605
93732
403555
237748
819044
904242
351785
454459
25698
781618
160960
-53197
583170
882644
919256
-85019
90918
668952
986563
-51937
741800
476308
866843
160359
564847
995560
289433
611684
872825
301505
660432
944752
751699
881969
842834
308251
156709
164001
413510
27404
440248
534999
609734
497460
225739
741778
303647
515395
148059
413933
51761
186963
864877
-58613
120213
12278
599577
817610
634489
518377
409086
588266
481203
94258
-20805
940897
339544
524677
476181
221280
464034
14166
524274
305042
60806
879438
148974
831003
113882
375141
601362
213467
43040
131352
730
998865
672310
-7708
60253
549017
186408
358769
832698
348980
387584
834934
783712
671970
883839
543373
456029
785554
838374
571860
483125
720529
742315
44526
716791
243124
225576
232009
-1830
414710
975519
550206
818963
699136
590274
384944
767202
542234
999875
999743
424537
210816
-78767
580730
746521
537845
59570
523314
588187
22112
495842
17964
28800
546430
-71416
-92965
166290
724315
-59001
496277
10876
500495
910745
738432
192630
-97268
855552
307715
408654
994006
368677
371248
357788
943679
361309
866519
39664
197000
-32034
70368
28968
-19138
250393
34688
635917
129753
822462
254757
895198
81966
661091
203342
209298
251112
-10193
-77867
957371
882522
821800
810354
601915
684273
279370
557420
750172
686003
821490
461189
647196
-46865
495637
280861
378444
828374
953912
457114
365641
512735
619216
447086
816427
183390
823452
312971
643357
568909
79897
362812
957275
730737
224205
655532
81787
228285
142391
-43999
-93754
985775
925675
838824
612219
840226
668305
94069
713083
585393
694211
102705
541184
404704
412243
939004
649314
886498
96348
461823
471243
283974
372929
865606
202838
306161
430142
135739
482860
627068
845072
527637
549038
-52318
354833
935543
683494
900042
737873
79271
7940
-1795
983767
197183
494402
585756
948281
788174
569180
867838
553274
978438
908277
-6172
97348
930015
433495
258934
34638
65129
916304
357823
340140
538459
680641
331113
664434
469100
-31794
507362
330805
476847
382796
925399
211092
571057
-54013
770346
369354
289800
748707
-21118
-69121
208673
847413
-48273
979964
196666
502331
575056
-66530
984930
673215
610033
384193
-52199
601052
260431
-27230
73393
613610
667888
205535
383732
719725
879802
1887
756588
417941
904393
25363
984635
131716
758510
937707
323267
680023
177937
344600
390290
626296
408612
50244
932235
148842
276405
130324
403302
648262
434994
-87357
828034
477090
575142
748255
-61014
975625
738093
776333
115670
260460
123568
194836
23885
496689
147962
541369
486205
-91024
722563
548320
777661
-94367
82977
25981
705978
333954
791023
349535
359830
809510
194821
413236
747568
293891
175253
989605
743157
428723
777430
783721
-13747
867985
927769
50993
-56769
462410
626761
881985
826822
37682
244801
-13516
619926
654139
585195
804682
-81249
299538
306232
145052
405156
106043
421379
549276
808345
444833
868220
652583
195284
705223
744871
843232
291894
812842
522425
699139
744993
-62273
599352
35693
55434
86813
740854
333796
607427
617219
990070
633680
698763
518572
886044
-29651
700383
-56860
118211
418812
-47884
680610
72411
91385
944580
267753
681262
6791
869014
654550
878770
552636
340473
101430
72432
421906
481441
620982
618683
242454
492218
115854
188176
987759
256993
391692
533923
583683
375191
714555
177184
209909
942976
491279
761600
982043
853741
457423
922817
576055
224441
-87210
479996
740577
499607
286563
982145
825538
789456
742556
329538
-80227
391275
477107
315383
681340
330658
576876
754833
253398
621759
128364
922965
941678
528058
643120
168243
-99772
459601
59174
742188
-94860
274422
-65573
568116
454286
629861
792209
89860
20088
139584
619619
880238
164573
162551
234722
556057
776780
-5350
621860
106410
-98526
164048
871223
735862
50873
910358
60024
69837
467550
750067
742254
161155
864409
446331
116416
223977
721031
813707
970207
756721
425666
122631
270174
129747
797843
706449
432671
502821
-80450
658310
-28803
-99260
118604
651399
453456
285491
218460
-76712
261711
232714
139878
534967
78931
517966
732961
356989
316149
212141
710829
726687
138433
516740
779070
-5066
776646
590649
346778
522587
229061
926756
949284
30889
136296
852257
284827
20332
31838
59977
591954
363136
-71019
817656
694268
545726
324652
53648
-32001
-2763
846628
852604
604855
184156
762763
563106
565707
92393
21293
626590
844033
355021
617921
222016
830071
16823
322793
638625
113357
13741
572963
845265
-48404
616486
566043
633723
820792
362832
211501
315888
295522
988685
-67459
295399
225578
622483
782488
893558
691493
567572
956419
297133
737819
925823
512088
343039
853315
619795
308189
-25344
303128
221351
-49199
575307
21943
534324
917291
899736
397924
22542
302803
551084
199405
355584
394692
659252
764195
70453
485221
71903
994322
470104
-7416
948399
572470
203387
434390
173334
469058
452893
444953
-41089
380830
355136
-58084
356179
764493
973212
569991
920282
188729
656957
554557
305305
463101
813174
751619
91064
923453
584328
-87882
739872
353763
309720
765285
375988
747027
-24834
-84082
-3003
949053
220348
231880
-48363
969692
17841
466334
630447
793205
31336
906037
342184
397289
148593
268545
285298
515948
894529
900886
92940
581209
548028
520484
920445
956006
948169
-2257
707981
-31178
946019
697412
810275
415803
67080
713856
947165
383152
-67468
331714
861204
678885
881877
256564
527406
756134
957746
641246
356741
560765
818291
275043
250726
176816
445848
-98702
-66391
199366
420563
928055
121111
505156
456032
781046
588613
555581
-35567
17202
813449
338922
483846
973734
-47255
639602
241524
381497
951117
611869
262150
223535
326282
984111
916921
176308
747144
378385
978590
486441
239025
419355
143242
190304
497088
32341
891945
738882
357410
22538
239370
956739
416384
158066
98239
285594
291957
71657
522630
433827
-2127
827180
508346
888657
825436
536557
263178
-28291
332515
526993
330624
731690
582757
785129
271402
710644
670446
5189
724383
503107
494328
875272
768458
72347
390337
211368
409857
788381
167884
902171
937864
200307
729577
904379
593939
597747
278645
377402
676839
-35970
853521
339125
344554
312463
655257
48848
383405
351145
-92533
506784
264357
654754
262570
803071
-87681
4672
761766
900552
720400
25247
953799
284291
408638
873553
448126
-93854
349651
566643
118861
691285
560411
687273
479985
29163
38076
469433
793117
308963
87481
353358
751574
506446
563455
922481
5357
959406
432723
127426
407992
-5564
-79891
609949
932872
-68863
-99937
-16816
755016
722188
149542
510751
138083
412531
298263
378176
180266
276443
-79365
366043
917528
613983
217955
251469
242752
467999
188681
146380
636049
692619
791973
615786
885514
599670
-26381
671541
734418
992416
13818
739340
323259
221827
569967
716428
984428
8455
566198
282612
860276
686103
488611
80059
839277
197570
702924
158893
611747
555436
753417
645842
236088
807840
770166
412453
-40356
853551
374938
214717
-82723
158035
423265
720959
134406
384574
361465
748739
532075
443779
449876
662916
380672
747779
203380
692556
53424
-24104
159150
970999
331611
850372
363871
649192
258795
495267
58734
754960
501142
943109
390983
102371
58265
55842
786767
574228
764612
112339
148091
664453
549076
423881
877050
5159
252601
936529
267488
718030
937646
-521
-51227
109024
817781
985342
886150
877065
888941
289748
277875
2651
7670
951052
930915
156406
832611
838052
-12272
684520
76744
340890
962986
562464
235397
342222
317231
206435
691348
118418
-75351
139110
551222
847757
154368
936974
262826
488549
948818
291005
107562
285584
614294
296476
505732
127877
736549
813325
601048
242445
650018
717913
38845
135937
686022
505086
958635
-28491
870686
992761
938417
228641
638900
563184
28238
887203
529629
581555
107011
64776
386847
747957
794326
59610
-66244
558143
508180
931121
363918
305859
790425
357231
488413
226755
527273
191617
-18288
63536
-58367
475017
218964
496808
893737
183854
294443
-30474
945909
640519
565094
656384
444957
111194
748682
44653
537611
87984
18173
470140
931441
138643
13834
306793
348679
319570
-69458
809745
-93392
290563
838923
734027
135801
823157
432006
161123
691874
723646
645823
435889
954363
662443
359487
512306
709791
789125
635716
238324
250807
-89329
539334
281198
657464
632875
528457
251372
870742
544159
414526
620909
301192
919964
258686
706846
49186
379503
498644
332979
-90318
987173
205566
752830
716176
440544
818087
903219
-6142
854738
532924
350637
580614
387699
161568
516034
-23055
249118
684750
138447
824371
759821
36664
489650
284209
675311
355199
382630
641178
896457
240290
683469
509409
541245
405683
835121
-52853
520312
459956
530755
137536
718075
147252
751703
637738
873715
183184
702223
843373
989505
160992
51751
905584
444505
838754
115016
146346
-76567
205023
902249
196270
680671
-22726
606677
615576
539025
877393
375500
555508
284174
764058
-50992
608349
784800
67
416338
820576
-72987
52661
943231
-48671
424267
747575
214211
32055
671430
196856
361425
161839
27126
826919
737449
-5882
417491
518567
120204
-26487
890235
-28635
453555
389376
-45375
